*** t = 0
0.0 0.1402394080802588 0.0 1.0 0
4.0 0.11153280644693585 4.0 1.0 2
*** t = 1
0.0 0.2804788161605176 0.0 1.0 0
0.0 0.8777639340678558 0.0 0.0 1
4.0 0.2230656128938717 4.0 1.0 2
4.0 1.1087223880263641 4.0 2.0 3
3.8420891485238324 1.0 0.0 1.0 4
*** t = 2
0.0 0.42071822424077643 0.0 1.0 0
0.0 0.7555278681357116 0.0 0.0 1
4.0 0.33459841934080753 4.0 1.0 2
4.0 1.2174447760527283 4.0 2.0 3
3.684178297047665 1.0 0.0 1.0 4
0.0 0.12837748275315122 0.0 1.0 5
*** t = 3
0.0 0.5609576323210352 0.0 1.0 0
0.0 0.6332918022035674 0.0 0.0 1
4.0 0.4461312257877434 4.0 1.0 2
4.0 1.3261671640790924 4.0 2.0 3
3.5262674455714973 1.0 0.0 1.0 4
0.0 0.25675496550630245 0.0 1.0 5
4.0 1.1076061770274461 4.0 2.0 6
4.0 0.10141970275640784 4.0 1.0 7
*** t = 4
0.0 0.701197040401294 0.0 1.0 0
0.0 0.5110557362714232 0.0 0.0 1
4.0 0.5576640322346792 4.0 1.0 2
4.0 1.4348895521054565 4.0 2.0 3
3.3683565940953297 1.0 0.0 1.0 4
0.0 0.3851324482594537 0.0 1.0 5
4.0 1.2152123540548923 4.0 2.0 6
4.0 0.20283940551281568 4.0 1.0 7
4.10662248402712 1.0 5.0 1.0 8
0.0 0.1545783004117479 0.0 1.0 9
*** t = 5
0.0 0.8414364484815529 0.0 1.0 0
0.0 0.38881967033927894 0.0 0.0 1
4.0 0.6691968386816151 4.0 1.0 2
4.0 1.5436119401318207 4.0 2.0 3
3.210445742619162 1.0 0.0 1.0 4
0.0 0.5135099310126049 0.0 1.0 5
4.0 1.3228185310823384 4.0 2.0 6
4.0 0.30425910826922353 4.0 1.0 7
4.213244968054241 1.0 5.0 1.0 8
0.0 0.3091566008234958 0.0 1.0 9
3.885229274976159 1.0 0.0 1.0 10
*** t = 6
0.0 0.9816758565618117 0.0 1.0 0
0.0 0.2665836044071347 0.0 0.0 1
4.0 0.7807296451285509 4.0 1.0 2
4.0 1.6523343281581848 4.0 2.0 3
3.0525348911429946 1.0 0.0 1.0 4
0.0 0.6418874137657561 0.0 1.0 5
4.0 1.4304247081097845 4.0 2.0 6
4.0 0.40567881102563136 4.0 1.0 7
4.319867452081361 1.0 5.0 1.0 8
0.0 0.46373490123524364 0.0 1.0 9
3.770458549952318 1.0 0.0 1.0 10
0.0 1.1755486420705101 0.0 2.0 11
0.0 0.12586808189100035 0.0 1.0 12
4.0 0.12139052766798362 4.0 1.0 13
*** t = 7
0.12191526464207048 1.0 4.0 1.0 0
0.0 0.14434753847499043 0.0 0.0 1
4.0 0.8922624515754868 4.0 1.0 2
4.0 1.761056716184549 4.0 2.0 3
2.894624039666827 1.0 0.0 1.0 4
0.0 0.7702648965189073 0.0 1.0 5
4.0 1.5380308851372306 4.0 2.0 6
4.0 0.5070985137820392 4.0 1.0 7
4.4264899361084815 1.0 5.0 1.0 8
0.0 0.6183132016469916 0.0 1.0 9
3.655687824928477 1.0 0.0 1.0 10
0.0 1.3510972841410203 0.0 2.0 11
0.0 0.2517361637820007 0.0 1.0 12
4.0 0.24278105533596725 4.0 1.0 13
3.898813347309233 1.0 0.0 1.0 14
*** t = 8
0.2621546727223293 1.0 4.0 1.0 0
0.0 0.022111472542846178 0.0 0.0 1
4.003795258022422 1.0 5.0 1.0 2
4.0 1.869779104210913 4.0 2.0 3
2.7367131881906595 1.0 0.0 1.0 4
0.0 0.8986423792720585 0.0 1.0 5
4.0 1.6456370621646768 4.0 2.0 6
4.0 0.6085182165384471 4.0 1.0 7
4.533112420135602 1.0 5.0 1.0 8
0.0 0.7728915020587395 0.0 1.0 9
3.540917099904636 1.0 0.0 1.0 10
0.0 1.5266459262115304 0.0 2.0 11
0.0 0.37760424567300105 0.0 1.0 12
4.0 0.36417158300395086 4.0 1.0 13
3.797626694618466 1.0 0.0 1.0 14
0.0 0.08831408578507796 0.0 1.0 16
*** t = 9
0.4023940808025881 1.0 4.0 1.0 0
4.115328064469358 1.0 5.0 1.0 2
4.0 1.9785014922372772 4.0 2.0 3
2.578802336714492 1.0 0.0 1.0 4
0.0270198620252097 1.0 4.0 1.0 5
4.0 1.7532432391921229 4.0 2.0 6
4.0 0.709937919294855 4.0 1.0 7
4.639734904162722 1.0 5.0 1.0 8
0.0 0.9274698024704874 0.0 1.0 9
3.426146374880795 1.0 0.0 1.0 10
0.0 1.7021945682820405 0.0 2.0 11
0.0 0.5034723275640014 0.0 1.0 12
4.0 0.4855621106719345 4.0 1.0 13
3.696440041927699 1.0 0.0 1.0 14
0.0 0.17662817157015592 0.0 1.0 16
3.8904414182303744 1.0 0.0 1.0 17
4.0 0.15064332681864245 4.0 1.0 18
*** t = 10
0.5426334888828469 1.0 4.0 1.0 0
4.226860870916293 1.0 5.0 1.0 2
2.4208914852383243 1.0 0.0 1.0 4
0.15539734477836092 1.0 4.0 1.0 5
4.0 1.860849416219569 4.0 2.0 6
4.0 0.8113576220512628 4.0 1.0 7
4.746357388189843 1.0 5.0 1.0 8
0.08204810288223527 1.0 4.0 1.0 9
3.311375649856954 1.0 0.0 1.0 10
0.0 1.8777432103525507 0.0 2.0 11
0.0 0.6293404094550017 0.0 1.0 12
4.0 0.6069526383399181 4.0 1.0 13
3.595253389236932 1.0 0.0 1.0 14
0.0 0.2649422573552339 0.0 1.0 16
3.7808828364607487 1.0 0.0 1.0 17
4.0 0.3012866536372849 4.0 1.0 18
4.128350173166822 1.0 5.0 1.0 19
0.0 0.15693455795260125 0.0 1.0 20
*** t = 11
0.6828728969631057 1.0 4.0 1.0 0
4.338393677363229 1.0 5.0 1.0 2
2.2629806337621567 1.0 0.0 1.0 4
0.2837748275315122 1.0 4.0 1.0 5
4.0 1.9684555932470151 4.0 2.0 6
4.0 0.9127773248076707 4.0 1.0 7
4.852979872216963 1.0 5.0 1.0 8
0.23662640329398316 1.0 4.0 1.0 9
3.196604924833113 1.0 0.0 1.0 10
0.0 0.755208491346002 0.0 1.0 12
4.0 0.7283431660079017 4.0 1.0 13
3.494066736546165 1.0 0.0 1.0 14
0.0 0.35325634314031185 0.0 1.0 16
3.671324254691123 1.0 0.0 1.0 17
4.0 0.45192998045592736 4.0 1.0 18
4.256700346333645 1.0 5.0 1.0 19
0.0 0.3138691159052025 0.0 1.0 20
0.0 1.114343277993076 0.0 2.0 21
4.0 1.146680339333402 4.0 2.0 22
*** t = 12
0.8231123050433645 1.0 4.0 1.0 0
4.449926483810164 1.0 5.0 1.0 2
2.105069782285989 1.0 0.0 1.0 4
0.41215231028466337 1.0 4.0 1.0 5
4.014197027564078 1.0 5.0 1.0 7
4.959602356244083 1.0 5.0 1.0 8
0.391204703705731 1.0 4.0 1.0 9
3.081834199809272 1.0 0.0 1.0 10
0.0 0.8810765732370023 0.0 1.0 12
4.0 0.8497336936758854 4.0 1.0 13
3.392880083855398 1.0 0.0 1.0 14
0.0 0.4415704289253898 0.0 1.0 16
3.5617656729214975 1.0 0.0 1.0 17
4.0 0.6025733072745698 4.0 1.0 18
4.385050519500467 1.0 5.0 1.0 19
0.0 0.47080367385780375 0.0 1.0 20
0.0 1.228686555986152 0.0 2.0 21
4.0 1.293360678666804 4.0 2.0 22
0.0 0.10870813413841837 0.0 1.0 23
4.0 0.07776644358411623 4.0 1.0 24
*** t = 13
0.9633517131236233 1.0 4.0 1.0 0
4.561459290257099 1.0 5.0 1.0 2
1.9471589308098216 1.0 0.0 1.0 4
0.5405297930378146 1.0 4.0 1.0 5
4.115616730320486 1.0 5.0 1.0 7
0.5457830041174789 1.0 4.0 1.0 9
2.967063474785431 1.0 0.0 1.0 10
0.0 1.0069446551280026 0.0 2.0 12
4.0 0.971124221343869 4.0 1.0 13
3.291693431164631 1.0 0.0 1.0 14
0.0 0.5298845147104677 0.0 1.0 16
3.452207091151872 1.0 0.0 1.0 17
4.0 0.7532166340932123 4.0 1.0 18
4.51340069266729 1.0 5.0 1.0 19
0.0 0.627738231810405 0.0 1.0 20
0.0 1.343029833979228 0.0 2.0 21
4.0 1.440041018000206 4.0 2.0 22
0.0 0.21741626827683674 0.0 1.0 23
4.0 0.15553288716823246 4.0 1.0 24
4.0 1.086145836472456 4.0 2.0 26
*** t = 14
1.1035911212038823 1.0 4.0 1.0 0
4.672992096704035 1.0 5.0 1.0 2
1.789248079333654 1.0 0.0 1.0 4
0.6689072757909658 1.0 4.0 1.0 5
4.217036433076894 1.0 5.0 1.0 7
0.7003613045292268 1.0 4.0 1.0 9
2.85229274976159 1.0 0.0 1.0 10
0.0 1.1328127370190029 0.0 2.0 12
4.0 1.0925147490118525 4.0 2.0 13
3.190506778473864 1.0 0.0 1.0 14
0.0 0.6181986004955456 0.0 1.0 16
3.3426485093822462 1.0 0.0 1.0 17
4.0 0.9038599609118547 4.0 1.0 18
4.641750865834112 1.0 5.0 1.0 19
0.0 0.7846727897630063 0.0 1.0 20
0.0 1.457373111972304 0.0 2.0 21
4.0 1.5867213573336079 4.0 2.0 22
0.0 0.3261244024152551 0.0 1.0 23
4.0 0.2332993307523487 4.0 1.0 24
4.0 1.1722916729449122 4.0 2.0 26
0.0 0.11674858222283836 0.0 1.0 27
*** t = 15
1.243830529284141 1.0 4.0 1.0 0
4.78452490315097 1.0 5.0 1.0 2
1.6313372278574865 1.0 0.0 1.0 4
0.797284758544117 1.0 4.0 1.0 5
4.318456135833301 1.0 5.0 1.0 7
0.8549396049409748 1.0 4.0 1.0 9
2.737522024737749 1.0 0.0 1.0 10
0.0 1.2586808189100032 0.0 2.0 12
4.0 1.2139052766798362 4.0 2.0 13
3.089320125783097 1.0 0.0 1.0 14
0.0 0.7065126862806236 0.0 1.0 16
3.2330899276126206 1.0 0.0 1.0 17
4.0 1.0545032877304972 4.0 2.0 18
4.770101039000934 1.0 5.0 1.0 19
0.0 0.9416073477156075 0.0 1.0 20
0.0 1.5717163899653799 0.0 2.0 21
4.0 1.7334016966670098 4.0 2.0 22
0.0 0.4348325365536735 0.0 1.0 23
4.0 0.31106577433646493 4.0 1.0 24
4.0 1.2584375094173683 4.0 2.0 26
0.0 0.23349716444567672 0.0 1.0 27
4.1398259925371965 1.0 5.0 1.0 28
4.0 0.11795705743610473 4.0 1.0 30
*** t = 16
1.3840699373643996 1.0 4.0 1.0 0
4.896057709597906 1.0 5.0 1.0 2
1.473426376381319 1.0 0.0 1.0 4
0.9256622412972682 1.0 4.0 1.0 5
4.419875838589709 1.0 5.0 1.0 7
1.0095179053527226 1.0 4.0 1.0 9
2.622751299713908 1.0 0.0 1.0 10
0.0 1.3845489008010035 0.0 2.0 12
4.0 1.3352958043478198 4.0 2.0 13
2.98813347309233 1.0 0.0 1.0 14
0.0 0.7948267720657015 0.0 1.0 16
3.123531345842995 1.0 0.0 1.0 17
4.0 1.2051466145491396 4.0 2.0 18
4.898451212167757 1.0 5.0 1.0 19
0.0 0.9014580943317912 0.0 0.0 20
0.0 1.6860596679584559 0.0 2.0 21
4.0 1.8800820360004118 4.0 2.0 22
0.0 0.5435406706920919 0.0 1.0 23
4.0 0.38883221792058115 4.0 1.0 24
4.0 1.3445833458898244 4.0 2.0 26
0.0 0.3502457466685151 0.0 1.0 27
4.279651985074393 1.0 5.0 1.0 28
0.0 0.8673406810880986 0.0 0.0 29
4.0 0.23591411487220945 4.0 1.0 30
4.115439563457576 1.0 5.0 1.0 31
0.0 0.12201016865156641 0.0 1.0 32
*** t = 17
1.5243093454446583 1.0 4.0 1.0 0
0.0 0.24402033730313283 0.0 1.0 32
3.8796612893679834 1.0 0.0 1.0 33
1.3155155249051513 1.0 0.0 1.0 4
1.0540397240504193 1.0 4.0 1.0 5
4.521295541346117 1.0 5.0 1.0 7
1.1640962057644704 1.0 4.0 1.0 9
2.507980574690067 1.0 0.0 1.0 10
0.0 1.5104169826920038 0.0 2.0 12
4.0 1.4566863320158034 4.0 2.0 13
2.886946820401563 1.0 0.0 1.0 14
0.0 0.8831408578507794 0.0 1.0 16
3.0139727640733693 1.0 0.0 1.0 17
4.0 1.355789941367782 4.0 2.0 18
0.0 0.74452353637919 0.0 0.0 20
0.0 1.8004029459515318 0.0 2.0 21
0.0 0.6522488048305103 0.0 1.0 23
4.0 0.46659866150469737 4.0 1.0 24
4.0 1.4307291823622805 4.0 2.0 26
0.0 0.46699432889135345 0.0 1.0 27
4.41947797761159 1.0 5.0 1.0 28
0.0 0.7346813621761972 0.0 0.0 29
4.0 0.35387117230831416 4.0 1.0 30
4.230879126915152 1.0 5.0 1.0 31
*** t = 18
1.664548753524917 1.0 4.0 1.0 0
1.1576046734289838 1.0 0.0 1.0 4
1.1824172068035705 1.0 4.0 1.0 5
4.622715244102524 1.0 5.0 1.0 7
1.3186745061762182 1.0 4.0 1.0 9
2.393209849666226 1.0 0.0 1.0 10
0.0 1.636285064583004 0.0 2.0 12
4.0 1.578076859683787 4.0 2.0 13
2.785760167710796 1.0 0.0 1.0 14
0.0 0.9714549436358574 0.0 1.0 16
2.9044141823037437 1.0 0.0 1.0 17
4.0 1.5064332681864245 4.0 2.0 18
0.0 0.5875889784265887 0.0 0.0 20
0.0 1.9147462239446078 0.0 2.0 21
0.0 0.7609569389689287 0.0 1.0 23
4.0 0.5443651050888136 4.0 1.0 24
4.0 1.5168750188347366 4.0 2.0 26
0.0 0.5837429111141919 0.0 1.0 27
4.559303970148786 1.0 5.0 1.0 28
0.0 0.6020220432642958 0.0 0.0 29
4.0 0.4718282297444189 4.0 1.0 30
4.346318690372728 1.0 5.0 1.0 31
0.0 0.3660305059546992 0.0 1.0 32
3.7593225787359668 1.0 0.0 1.0 33
0.0 0.054591236278340755 0.0 1.0 34
4.0 0.07718310888745994 4.0 1.0 35
*** t = 19
1.8047881616051757 1.0 4.0 1.0 0
0.9996938219528162 1.0 0.0 1.0 4
1.3107946895567217 1.0 4.0 1.0 5
4.724134946858932 1.0 5.0 1.0 7
1.473252806587966 1.0 4.0 1.0 9
2.278439124642385 1.0 0.0 1.0 10
0.0 1.7621531464740043 0.0 2.0 12
4.0 1.6994673873517707 4.0 2.0 13
2.684573515020029 1.0 0.0 1.0 14
0.0 0.9402309705790647 0.0 0.0 16
2.794855600534118 1.0 0.0 1.0 17
4.0 1.657076595005067 4.0 2.0 18
0.0 0.4306544204739875 0.0 0.0 20
0.0 0.8696650731073471 0.0 1.0 23
4.0 0.6221315486729299 4.0 1.0 24
4.0 1.6030208553071927 4.0 2.0 26
0.0 0.7004914933370302 0.0 1.0 27
4.699129962685983 1.0 5.0 1.0 28
0.0 0.4693627243523943 0.0 0.0 29
4.0 0.5897852871805236 4.0 1.0 30
4.461758253830304 1.0 5.0 1.0 31
0.0 0.48804067460626566 0.0 1.0 32
3.63898386810395 1.0 0.0 1.0 33
0.0 0.10918247255668151 0.0 1.0 34
4.0 0.15436621777491988 4.0 1.0 35
4.122701344193255 1.0 5.0 1.0 36
4.110600838164637 1.0 5.0 1.0 37
*** t = 20
1.9450275696854344 1.0 4.0 1.0 0
0.8417829704766486 1.0 0.0 1.0 4
1.439172172309873 1.0 4.0 1.0 5
4.82555464961534 1.0 5.0 1.0 7
1.6278311069997138 1.0 4.0 1.0 9
2.163668399618544 1.0 0.0 1.0 10
0.0 1.8880212283650046 0.0 2.0 12
4.0 1.8208579150197544 4.0 2.0 13
2.583386862329262 1.0 0.0 1.0 14
0.0 0.8519168847939868 0.0 0.0 16
2.6852970187644924 1.0 0.0 1.0 17
4.0 1.8077199218237094 4.0 2.0 18
0.0 0.27371986252138625 0.0 0.0 20
0.0 0.9783732072457655 0.0 1.0 23
4.0 0.6998979922570461 4.0 1.0 24
4.0 1.6891666917796488 4.0 2.0 26
0.0 0.8172400755598686 0.0 1.0 27
4.838955955223179 1.0 5.0 1.0 28
0.0 0.3367034054404928 0.0 0.0 29
4.0 0.7077423446166283 4.0 1.0 30
4.57719781728788 1.0 5.0 1.0 31
0.0 0.6100508432578321 0.0 1.0 32
3.5186451574719335 1.0 0.0 1.0 33
0.0 0.16377370883502226 0.0 1.0 34
4.0 0.23154932666237982 4.0 1.0 35
4.245402688386511 1.0 5.0 1.0 36
4.221201676329274 1.0 5.0 1.0 37
0.0 0.1441425053798408 0.0 1.0 38
*** t = 21
2.085266977765693 1.0 4.0 1.0 0
0.6838721190004811 1.0 0.0 1.0 4
1.5675496550630241 1.0 4.0 1.0 5
4.926974352371747 1.0 5.0 1.0 7
1.7824094074114616 1.0 4.0 1.0 9
2.048897674594703 1.0 0.0 1.0 10
4.0 1.942248442687738 4.0 2.0 13
2.482200209638495 1.0 0.0 1.0 14
0.0 0.7636027990089088 0.0 0.0 16
2.575738436994867 1.0 0.0 1.0 17
4.0 1.958363248642352 4.0 2.0 18
0.0 0.116785304568785 0.0 0.0 20
0.08708134138418386 1.0 4.0 1.0 23
4.0 0.7776644358411623 4.0 1.0 24
4.0 1.775312528252105 4.0 2.0 26
0.0 0.9339886577827069 0.0 1.0 27
4.978781947760376 1.0 5.0 1.0 28
0.0 0.20404408652859135 0.0 0.0 29
4.0 0.8256994020527331 4.0 1.0 30
4.692637380745456 1.0 5.0 1.0 31
0.0 0.7320610119093985 0.0 1.0 32
3.398306446839917 1.0 0.0 1.0 33
0.0 0.21836494511336302 0.0 1.0 34
4.0 0.30873243554983976 4.0 1.0 35
4.368104032579766 1.0 5.0 1.0 36
4.331802514493911 1.0 5.0 1.0 37
0.0 0.2882850107596816 0.0 1.0 38
0.0 0.8626752403177947 0.0 0.0 39
4.169513596047761 1.0 5.0 1.0 40
4.0 0.14353805016198118 4.0 1.0 41
*** t = 22
2.225506385845952 1.0 4.0 1.0 0
0.5259612675243135 1.0 0.0 1.0 4
1.6959271378161753 1.0 4.0 1.0 5
1.9369877078232094 1.0 4.0 1.0 9
1.9341269495708617 1.0 0.0 1.0 10
2.381013556947728 1.0 0.0 1.0 14
0.0 0.6752887132238309 0.0 0.0 16
2.466179855225241 1.0 0.0 1.0 17
0.19578947552260223 1.0 4.0 1.0 23
4.0 0.8554308794252785 4.0 1.0 24
4.0 1.861458364724561 4.0 2.0 26
0.0 1.0507372400055452 0.0 2.0 27
0.0 0.07138476761668988 0.0 0.0 29
4.0 0.9436564594888378 4.0 1.0 30
4.808076944203032 1.0 5.0 1.0 31
0.0 0.854071180560965 0.0 1.0 32
3.2779677362079003 1.0 0.0 1.0 33
0.0 0.27295618139170374 0.0 1.0 34
4.0 0.3859155444372997 4.0 1.0 35
4.490805376773022 1.0 5.0 1.0 36
4.442403352658548 1.0 5.0 1.0 37
0.0 0.4324275161395224 0.0 1.0 38
0.0 0.7253504806355895 0.0 0.0 39
4.3390271920955215 1.0 5.0 1.0 40
4.0 0.28707610032396236 4.0 1.0 41
0.0 0.13645810143348297 0.0 1.0 43
*** t = 23
2.3657457939262105 1.0 4.0 1.0 0
0.3680504160481459 1.0 0.0 1.0 4
1.8243046205693265 1.0 4.0 1.0 5
2.0915660082349574 1.0 4.0 1.0 9
1.8193562245470205 1.0 0.0 1.0 10
2.279826904256961 1.0 0.0 1.0 14
0.0 0.586974627438753 0.0 0.0 16
2.3566212734556156 1.0 0.0 1.0 17
0.3044976096610206 1.0 4.0 1.0 23
4.0 0.9331973230093947 4.0 1.0 24
4.0 1.9476042011970172 4.0 2.0 26
0.0 1.1674858222283837 0.0 2.0 27
4.061613516924942 1.0 5.0 1.0 30
4.923516507660608 1.0 5.0 1.0 31
0.0 0.9760813492125314 0.0 1.0 32
3.1576290255758837 1.0 0.0 1.0 33
0.0 0.32754741767004447 0.0 1.0 34
4.0 0.46309865332475963 4.0 1.0 35
4.613506720966277 1.0 5.0 1.0 36
4.553004190823185 1.0 5.0 1.0 37
0.0 0.5765700215193632 0.0 1.0 38
0.0 0.5880257209533842 0.0 0.0 39
4.508540788143282 1.0 5.0 1.0 40
4.0 0.43061415048594354 4.0 1.0 41
0.0 0.27291620286696594 0.0 1.0 43
4.153371536197374 1.0 5.0 1.0 44
*** t = 24
2.5059852020064692 1.0 4.0 1.0 0
0.21013956457197835 1.0 0.0 1.0 4
1.9526821033224777 1.0 4.0 1.0 5
2.2461443086467052 1.0 4.0 1.0 9
1.7045854995231793 1.0 0.0 1.0 10
2.1786402515661942 1.0 0.0 1.0 14
0.0 0.498660541653675 0.0 0.0 16
2.24706269168599 1.0 0.0 1.0 17
0.413205743799439 1.0 4.0 1.0 23
0.0 1.2842344044512222 0.0 2.0 27
4.179570574361047 1.0 5.0 1.0 30
0.0 1.0980915178640978 0.0 2.0 32
3.037290314943867 1.0 0.0 1.0 33
0.0 0.3821386539483852 0.0 1.0 34
4.0 0.5402817622122196 4.0 1.0 35
4.736208065159532 1.0 5.0 1.0 36
4.663605028987822 1.0 5.0 1.0 37
0.0 0.7207125268992041 0.0 1.0 38
0.0 0.450700961271179 0.0 0.0 39
4.678054384191043 1.0 5.0 1.0 40
4.0 0.5741522006479247 4.0 1.0 41
0.0 0.4093743043004489 0.0 1.0 43
4.306743072394749 1.0 5.0 1.0 44
0.0 0.07747555693399592 0.0 1.0 45
4.0 0.10931757849740834 4.0 1.0 46
*** t = 25
2.646224610086728 1.0 4.0 1.0 0
0.052228713095810786 1.0 0.0 1.0 4
2.081059586075629 1.0 4.0 1.0 5
2.400722609058453 1.0 4.0 1.0 9
1.589814774499338 1.0 0.0 1.0 10
2.0774535988754272 1.0 0.0 1.0 14
0.0 0.4103464558685971 0.0 0.0 16
2.1375041099163643 1.0 0.0 1.0 17
0.5219138779378574 1.0 4.0 1.0 23
0.0 1.4009829866740606 0.0 2.0 27
4.297527631797151 1.0 5.0 1.0 30
0.0 1.2201016865156642 0.0 2.0 32
2.9169516043118504 1.0 0.0 1.0 33
0.0 0.4367298902267259 0.0 1.0 34
4.0 0.6174648710996795 4.0 1.0 35
4.858909409352788 1.0 5.0 1.0 36
4.774205867152459 1.0 5.0 1.0 37
0.0 0.8648550322790449 0.0 1.0 38
0.0 0.3133762015889737 0.0 0.0 39
4.847567980238804 1.0 5.0 1.0 40
4.0 0.7176902508099059 4.0 1.0 41
0.0 0.5458324057339319 0.0 1.0 43
4.460114608592123 1.0 5.0 1.0 44
0.0 0.15495111386799185 0.0 1.0 45
4.0 0.21863515699481667 4.0 1.0 46
4.0 1.1142095786798623 4.0 2.0 48
*** t = 26
2.7864640181669866 1.0 4.0 1.0 0
0.0 0.8943178616196432 0.0 0.0 4
2.2094370688287803 1.0 4.0 1.0 5
2.555300909470201 1.0 4.0 1.0 9
1.4750440494754968 1.0 0.0 1.0 10
1.9762669461846603 1.0 0.0 1.0 14
0.0 0.32203237008351915 0.0 0.0 16
2.0279455281467387 1.0 0.0 1.0 17
0.6306220120762758 1.0 4.0 1.0 23
0.0 1.517731568896899 0.0 2.0 27
4.4154846892332555 1.0 5.0 1.0 30
0.0 1.3421118551672306 0.0 2.0 32
2.796612893679834 1.0 0.0 1.0 33
0.0 0.49132112650506665 0.0 1.0 34
4.0 0.6946479799871395 4.0 1.0 35
4.981610753546043 1.0 5.0 1.0 36
4.8848067053170965 1.0 5.0 1.0 37
0.0 1.0089975376588858 0.0 2.0 38
0.0 0.17605144190676847 0.0 0.0 39
4.0 0.8612283009718871 4.0 1.0 41
0.0 0.6822905071674148 0.0 1.0 43
4.613486144789498 1.0 5.0 1.0 44
0.0 0.23242667080198776 0.0 1.0 45
4.0 0.32795273549222503 4.0 1.0 46
4.0 1.2284191573597245 4.0 2.0 48
0.08589202625303317 1.0 4.0 1.0 49
0.0 0.10909316411890259 0.0 1.0 50
*** t = 27
2.9267034262472453 1.0 4.0 1.0 0
0.0 0.7364070101434756 0.0 0.0 4
2.3378145515819315 1.0 4.0 1.0 5
2.7098792098819486 1.0 4.0 1.0 9
1.3602733244516556 1.0 0.0 1.0 10
1.8750802934938933 1.0 0.0 1.0 14
0.0 0.2337182842984412 0.0 0.0 16
1.918386946377113 1.0 0.0 1.0 17
0.7393301462146942 1.0 4.0 1.0 23
0.0 1.6344801511197375 0.0 2.0 27
4.53344174666936 1.0 5.0 1.0 30
0.0 1.464122023818797 0.0 2.0 32
2.676274183047817 1.0 0.0 1.0 33
0.0 0.5459123627834074 0.0 1.0 34
4.0 0.7718310888745994 4.0 1.0 35
4.9954075434817335 1.0 5.0 1.0 37
0.0 1.1531400430387266 0.0 2.0 38
0.0 0.038726682224563214 0.0 0.0 39
4.0 1.0047663511338683 4.0 2.0 41
0.0 0.8187486086008977 0.0 1.0 43
4.766857680986872 1.0 5.0 1.0 44
0.0 0.3099022277359837 0.0 1.0 45
4.0 0.43727031398963334 4.0 1.0 46
4.0 1.3426287360395868 4.0 2.0 48
0.17178405250606635 1.0 4.0 1.0 49
0.0 0.21818632823780518 0.0 1.0 50
4.093247569779539 1.0 5.0 1.0 51
4.0 0.10815577644113945 4.0 1.0 52
*** t = 28
3.066942834327504 1.0 4.0 1.0 0
0.0 0.5784961586673081 0.0 0.0 4
2.4661920343350827 1.0 4.0 1.0 5
2.8644575102936964 1.0 4.0 1.0 9
1.2455025994278144 1.0 0.0 1.0 10
1.7738936408031263 1.0 0.0 1.0 14
0.0 0.14540419851336323 0.0 0.0 16
1.8088283646074874 1.0 0.0 1.0 17
0.8480382803531126 1.0 4.0 1.0 23
0.0 1.751228733342576 0.0 2.0 27
4.651398804105464 1.0 5.0 1.0 30
0.0 1.5861321924703635 0.0 2.0 32
2.5559354724158005 1.0 0.0 1.0 33
0.0 0.6005035990617481 0.0 1.0 34
4.0 0.8490141977620593 4.0 1.0 35
0.0 1.2972825484185675 0.0 2.0 38
4.0 1.1483044012958494 4.0 2.0 41
0.0 0.9552067100343806 0.0 1.0 43
4.9202292171842466 1.0 5.0 1.0 44
0.0 0.38737778466997963 0.0 1.0 45
4.0 0.5465878924870416 4.0 1.0 46
4.0 1.456838314719449 4.0 2.0 48
0.25767607875909954 1.0 4.0 1.0 49
0.0 0.3272794923567078 0.0 1.0 50
4.186495139559078 1.0 5.0 1.0 51
4.0 0.2163115528822789 4.0 1.0 52
4.117279541758453 1.0 5.0 1.0 53
0.0 0.11680972977090343 0.0 1.0 54
*** t = 29
3.2071822424077627 1.0 4.0 1.0 0
0.0 0.4205853071911405 0.0 0.0 4
2.594569517088234 1.0 4.0 1.0 5
3.0190358107054442 1.0 4.0 1.0 9
1.1307318744039732 1.0 0.0 1.0 10
1.6727069881123593 1.0 0.0 1.0 14
0.0 0.057090112728285264 0.0 0.0 16
1.6992697828378618 1.0 0.0 1.0 17
0.956746414491531 1.0 4.0 1.0 23
0.0 1.8679773155654145 0.0 2.0 27
4.769355861541569 1.0 5.0 1.0 30
0.0 1.70814236112193 0.0 2.0 32
2.435596761783784 1.0 0.0 1.0 33
0.0 0.6550948353400888 0.0 1.0 34
4.0 0.9261973066495193 4.0 1.0 35
0.0 1.4414250537984084 0.0 2.0 38
4.0 1.2918424514578306 4.0 2.0 41
0.0916648114678636 1.0 4.0 1.0 43
0.0 0.46485334160397557 0.0 1.0 45
4.0 0.65590547098445 4.0 1.0 46
4.0 1.5710478933993113 4.0 2.0 48
0.3435681050121327 1.0 4.0 1.0 49
0.0 0.43637265647561035 0.0 1.0 50
4.279742709338617 1.0 5.0 1.0 51
4.0 0.3244673293234184 4.0 1.0 52
4.234559083516906 1.0 5.0 1.0 53
0.0 0.23361945954180685 0.0 1.0 54
3.878889802251287 1.0 0.0 1.0 55
*** t = 30
3.3474216504880214 1.0 4.0 1.0 0
0.0 0.26267445571497294 0.0 0.0 4
2.722946999841385 1.0 4.0 1.0 5
3.173614111117192 1.0 4.0 1.0 9
1.015961149380132 1.0 0.0 1.0 10
1.5715203354215923 1.0 0.0 1.0 14
1.5897112010682362 1.0 0.0 1.0 17
1.0654545486299494 1.0 4.0 1.0 23
0.0 1.984725897788253 0.0 2.0 27
4.887312918977673 1.0 5.0 1.0 30
0.0 1.8301525297734964 0.0 2.0 32
2.3152580511517673 1.0 0.0 1.0 33
0.0 0.7096860716184296 0.0 1.0 34
4.0 1.0033804155369792 4.0 2.0 35
0.0 1.5855675591782492 0.0 2.0 38
4.0 1.4353805016198118 4.0 2.0 41
0.22812291290134656 1.0 4.0 1.0 43
0.0 0.5423288985379715 0.0 1.0 45
4.0 0.7652230494818583 4.0 1.0 46
4.0 1.6852574720791735 4.0 2.0 48
0.42946013126516586 1.0 4.0 1.0 49
0.0 0.545465820594513 0.0 1.0 50
4.372990279118156 1.0 5.0 1.0 51
4.0 0.4326231057645578 4.0 1.0 52
4.351838625275359 1.0 5.0 1.0 53
0.0 0.3504291893127103 0.0 1.0 54
3.7577796045025744 1.0 0.0 1.0 55
0.0 0.08089373566690575 0.0 1.0 56
4.0 0.12202932374156676 4.0 1.0 58
*** t = 31
3.48766105856828 1.0 4.0 1.0 0
0.0 0.10476360423880537 0.0 0.0 4
2.8513244825945363 1.0 4.0 1.0 5
3.32819241152894 1.0 4.0 1.0 9
0.9011904243562908 1.0 0.0 1.0 10
1.4703336827308253 1.0 0.0 1.0 14
1.4801526192986105 1.0 0.0 1.0 17
1.1741626827683678 1.0 4.0 1.0 23
0.0 1.9521626984250628 0.0 2.0 32
2.1949193405197507 1.0 0.0 1.0 33
0.0 0.7642773078967703 0.0 1.0 34
4.0 1.0805635244244391 4.0 2.0 35
0.0 1.72971006455809 0.0 2.0 38
4.0 1.578918551781793 4.0 2.0 41
0.36458101433482953 1.0 4.0 1.0 43
0.0 0.6198044554719674 0.0 1.0 45
4.0 0.8745406279792666 4.0 1.0 46
4.0 1.7994670507590358 4.0 2.0 48
0.5153521575181991 1.0 4.0 1.0 49
0.0 0.6545589847134156 0.0 1.0 50
4.466237848897695 1.0 5.0 1.0 51
4.0 0.5407788822056973 4.0 1.0 52
4.4691181670338125 1.0 5.0 1.0 53
0.0 0.4672389190836137 0.0 1.0 54
3.6366694067538616 1.0 0.0 1.0 55
0.0 0.1617874713338115 0.0 1.0 56
0.16401711609942568 1.0 4.0 1.0 57
4.0 0.24405864748313352 4.0 1.0 58
4.165416906712537 1.0 5.0 1.0 59
*** t = 32
3.627900466648539 1.0 4.0 1.0 0
2.9797019653476875 1.0 4.0 1.0 5
3.4827707119406877 1.0 4.0 1.0 9
0.7864196993324497 1.0 0.0 1.0 10
1.3691470300400583 1.0 0.0 1.0 14
1.370594037528985 1.0 0.0 1.0 17
1.2828708169067862 1.0 4.0 1.0 23
2.074580629887734 1.0 0.0 1.0 33
0.0 0.818868544175111 0.0 1.0 34
4.0 1.157746633311899 4.0 2.0 35
0.0 1.873852569937931 0.0 2.0 38
4.0 1.7224566019437741 4.0 2.0 41
0.5010391157683125 1.0 4.0 1.0 43
0.0 0.6972800124059633 0.0 1.0 45
4.0 0.9838582064766749 4.0 1.0 46
4.0 1.913676629438898 4.0 2.0 48
0.6012441837712322 1.0 4.0 1.0 49
0.0 0.7636521488323181 0.0 1.0 50
4.559485418677234 1.0 5.0 1.0 51
4.0 0.6489346586468367 4.0 1.0 52
4.586397708792266 1.0 5.0 1.0 53
0.0 0.5840486488545171 0.0 1.0 54
3.515559209005149 1.0 0.0 1.0 55
0.0 0.24268120700071724 0.0 1.0 56
0.32803423219885136 1.0 4.0 1.0 57
4.0 0.36608797122470027 4.0 1.0 58
4.330833813425073 1.0 5.0 1.0 59
0.0 0.15355759007312525 0.0 1.0 61
*** t = 33
3.7681398747287975 1.0 4.0 1.0 0
3.1080794481008387 1.0 4.0 1.0 5
3.6373490123524355 1.0 4.0 1.0 9
0.6716489743086086 1.0 0.0 1.0 10
1.2679603773492913 1.0 0.0 1.0 14
1.2610354557593593 1.0 0.0 1.0 17
1.3915789510452046 1.0 4.0 1.0 23
1.9542419192557172 1.0 0.0 1.0 33
0.0 0.8734597804534517 0.0 1.0 34
4.0 1.234929742199359 4.0 2.0 35
4.0 1.8659946521057553 4.0 2.0 41
0.6374972172017954 1.0 4.0 1.0 43
0.0 0.7747555693399591 0.0 1.0 45
4.0931757849740835 1.0 5.0 1.0 46
0.6871362100242654 1.0 4.0 1.0 49
0.0 0.8727453129512207 0.0 1.0 50
4.652732988456773 1.0 5.0 1.0 51
4.0 0.7570904350879762 4.0 1.0 52
4.703677250550719 1.0 5.0 1.0 53
0.0 0.7008583786254206 0.0 1.0 54
3.394449011256436 1.0 0.0 1.0 55
0.0 0.323574942667623 0.0 1.0 56
0.492051348298277 1.0 4.0 1.0 57
4.0 0.48811729496626705 4.0 1.0 58
4.49625072013761 1.0 5.0 1.0 59
0.0 0.3071151801462505 0.0 1.0 61
4.0 0.14560506794383757 4.0 1.0 63
*** t = 34
3.908379282809056 1.0 4.0 1.0 0
4.0 1.1154706257783622 4.0 2.0 64
0.0 0.09029003409898323 0.0 1.0 65
3.23645693085399 1.0 4.0 1.0 5
3.7919273127641833 1.0 4.0 1.0 9
0.5568782492847675 1.0 0.0 1.0 10
1.1667737246585244 1.0 0.0 1.0 14
1.1514768739897336 1.0 0.0 1.0 17
1.500287085183623 1.0 4.0 1.0 23
1.8339032086237004 1.0 0.0 1.0 33
0.0 0.9280510167317925 0.0 1.0 34
4.0 1.312112851086819 4.0 2.0 35
0.7739553186352783 1.0 4.0 1.0 43
0.0 0.852231126273955 0.0 1.0 45
4.202493363471492 1.0 5.0 1.0 46
0.7730282362772986 1.0 4.0 1.0 49
0.0 0.9818384770701233 0.0 1.0 50
4.745980558236312 1.0 5.0 1.0 51
4.0 0.8652462115291157 4.0 1.0 52
4.820956792309172 1.0 5.0 1.0 53
0.0 0.817668108396324 0.0 1.0 54
3.2733388135077233 1.0 0.0 1.0 55
0.0 0.4044686783345287 0.0 1.0 56
0.6560684643977027 1.0 4.0 1.0 57
4.0 0.6101466187078338 4.0 1.0 58
4.6616676268501465 1.0 5.0 1.0 59
0.0 0.46067277021937575 0.0 1.0 61
4.0 0.29121013588767514 4.0 1.0 63
*** t = 35
4.0 1.2309412515567244 4.0 2.0 64
0.0 0.18058006819796646 0.0 1.0 65
4.126369836428487 1.0 5.0 1.0 66
3.364834413607141 1.0 4.0 1.0 5
3.946505613175931 1.0 4.0 1.0 9
0.44210752426092637 1.0 0.0 1.0 10
1.0655870719677574 1.0 0.0 1.0 14
1.041918292220108 1.0 0.0 1.0 17
1.6089952193220414 1.0 4.0 1.0 23
1.7135644979916835 1.0 0.0 1.0 33
0.0 0.9826422530101332 0.0 1.0 34
4.0 1.389295959974279 4.0 2.0 35
0.9104134200687612 1.0 4.0 1.0 43
0.0 0.9297066832079509 0.0 1.0 45
4.3118109419689 1.0 5.0 1.0 46
0.8589202625303317 1.0 4.0 1.0 49
0.0 1.090931641189026 0.0 2.0 50
4.839228128015851 1.0 5.0 1.0 51
4.0 0.9734019879702552 4.0 1.0 52
4.938236334067625 1.0 5.0 1.0 53
0.0 0.9344778381672274 0.0 1.0 54
3.1522286157590105 1.0 0.0 1.0 55
0.0 0.48536241400143443 0.0 1.0 56
0.8200855804971284 1.0 4.0 1.0 57
4.0 0.7321759424494005 4.0 1.0 58
4.827084533562683 1.0 5.0 1.0 59
0.0 0.614230360292501 0.0 1.0 61
4.0 0.43681520383151273 4.0 1.0 63
*** t = 36
4.0 1.3464118773350866 4.0 2.0 64
0.0 0.2708701022969497 0.0 1.0 65
4.252739672856974 1.0 5.0 1.0 66
0.0 0.8943936874941322 0.0 0.0 67
0.0 0.14135515693995818 0.0 1.0 68
3.4932118963602923 1.0 4.0 1.0 5
4.0 0.14153459003167787 4.0 1.0 69
4.0 1.1010839135876789 4.0 2.0 9
0.32733679923708525 1.0 0.0 1.0 10
0.9644004192769905 1.0 0.0 1.0 14
0.9323597104504824 1.0 0.0 1.0 17
1.7177033534604598 1.0 4.0 1.0 23
1.5932257873596667 1.0 0.0 1.0 33
0.0 0.9627665107115261 0.0 0.0 34
4.0 1.4664790688617388 4.0 2.0 35
1.0468715215022442 1.0 4.0 1.0 43
0.0 1.0071822401419468 0.0 2.0 45
4.421128520466308 1.0 5.0 1.0 46
0.9448122887833649 1.0 4.0 1.0 49
0.0 1.2000248053079285 0.0 2.0 50
4.93247569779539 1.0 5.0 1.0 51
0.0 1.0512875679381308 0.0 2.0 54
3.0311184180102977 1.0 0.0 1.0 55
0.0 0.5662561496683401 0.0 1.0 56
0.9841026965965541 1.0 4.0 1.0 57
4.0 0.8542052661909673 4.0 1.0 58
4.99250144027522 1.0 5.0 1.0 59
0.0 0.7677879503656262 0.0 1.0 61
4.0 0.5824202717753503 4.0 1.0 63
*** t = 37
4.0 1.4618825031134488 4.0 2.0 64
0.0 0.3611601363959329 0.0 1.0 65
4.379109509285461 1.0 5.0 1.0 66
0.0 0.7887873749882643 0.0 0.0 67
0.0 0.28271031387991635 0.0 1.0 68
3.6215893791134435 1.0 4.0 1.0 5
4.0 0.28306918006335574 4.0 1.0 69
4.0 1.1283046339800584 4.0 2.0 70
4.0 1.1119949827863391 4.0 2.0 71
4.0 1.2556622139994267 4.0 2.0 9
0.2125660742132441 1.0 0.0 1.0 10
0.8632137665862236 1.0 0.0 1.0 14
0.8228011286808568 1.0 0.0 1.0 17
1.8264114875988782 1.0 4.0 1.0 23
1.4728870767276498 1.0 0.0 1.0 33
0.0 0.9081752744331854 0.0 0.0 34
4.0 1.5436621777491988 4.0 2.0 35
1.183329622935727 1.0 4.0 1.0 43
0.0 1.0846577970759428 0.0 2.0 45
4.530446098963716 1.0 5.0 1.0 46
1.0307043150363981 1.0 4.0 1.0 49
0.0 1.3091179694268311 0.0 2.0 50
0.0 1.1680972977090343 0.0 2.0 54
2.910008220261585 1.0 0.0 1.0 55
0.0 0.6471498853352459 0.0 1.0 56
1.1481198126959797 1.0 4.0 1.0 57
4.0 0.976234589932534 4.0 1.0 58
0.0 0.9213455404387514 0.0 1.0 61
4.0 0.7280253397191878 4.0 1.0 63
*** t = 38
4.0 1.577353128891811 4.0 2.0 64
0.0 0.45145017049491615 0.0 1.0 65
4.5054793457139475 1.0 5.0 1.0 66
0.0 0.6831810624823965 0.0 0.0 67
0.0 0.42406547081987456 0.0 1.0 68
3.7499668618665947 1.0 4.0 1.0 5
4.0 0.4246037700950336 4.0 1.0 69
4.0 1.2566092679601168 4.0 2.0 70
4.0 1.2239899655726783 4.0 2.0 71
0.0 0.15834662845404976 0.0 1.0 72
4.0 1.4102405144111745 4.0 2.0 9
0.09779534918940297 1.0 0.0 1.0 10
0.7620271138954567 1.0 0.0 1.0 14
0.7132425469112311 1.0 0.0 1.0 17
1.9351196217372966 1.0 4.0 1.0 23
1.352548366095633 1.0 0.0 1.0 33
0.0 0.8535840381548446 0.0 0.0 34
4.0 1.6208452866366587 4.0 2.0 35
1.31978772436921 1.0 4.0 1.0 43
0.0 1.1621333540099388 0.0 2.0 45
4.639763677461124 1.0 5.0 1.0 46
1.1165963412894313 1.0 4.0 1.0 49
0.0 1.4182111335457337 0.0 2.0 50
0.0 1.2849070274799377 0.0 2.0 54
2.788898022512872 1.0 0.0 1.0 55
0.0 0.7280436210021516 0.0 1.0 56
1.3121369287954054 1.0 4.0 1.0 57
4.098263913674101 1.0 5.0 1.0 58
0.0 0.9250968694881234 0.0 0.0 61
4.0 0.8736304076630254 4.0 1.0 63
*** t = 39
4.0 1.6928237546701732 4.0 2.0 64
0.0 0.5417402045938994 0.0 1.0 65
4.631849182142434 1.0 5.0 1.0 66
0.0 0.5775747499765287 0.0 0.0 67
0.0 0.5654206277598327 0.0 1.0 68
3.878344344619746 1.0 4.0 1.0 5
4.0 0.5661383601267115 4.0 1.0 69
4.0 1.3849139019401753 4.0 2.0 70
4.0 1.3359849483590174 4.0 2.0 71
0.0 0.3166932569080995 0.0 1.0 72
4.0 1.5648188148229223 4.0 2.0 9
4.121104160500713 1.0 5.0 1.0 73
0.0 1.0169753758344382 0.0 2.0 10
4.0 0.12897695495648007 4.0 1.0 74
0.6608404612046899 1.0 0.0 1.0 14
0.6036839651416055 1.0 0.0 1.0 17
2.0438277558757147 1.0 4.0 1.0 23
1.2322096554636162 1.0 0.0 1.0 33
0.0 0.7989928018765039 0.0 0.0 34
4.0 1.6980283955241187 4.0 2.0 35
1.456245825802693 1.0 4.0 1.0 43
0.0 1.2396089109439348 0.0 2.0 45
4.749081255958532 1.0 5.0 1.0 46
1.2024883675424645 1.0 4.0 1.0 49
0.0 1.5273042976646363 0.0 2.0 50
0.0 1.401716757250841 0.0 2.0 54
2.6677878247641593 1.0 0.0 1.0 55
0.0 0.8089373566690573 0.0 1.0 56
1.4761540448948312 1.0 4.0 1.0 57
4.220293237415667 1.0 5.0 1.0 58
0.0 0.7715392794149982 0.0 0.0 61
3.980764524393137 1.0 0.0 1.0 63
*** t = 40
4.0 1.8082943804485354 4.0 2.0 64
0.0 0.6320302386928827 0.0 1.0 65
4.758219018570921 1.0 5.0 1.0 66
0.0 0.4719684374706608 0.0 0.0 67
0.0 0.7067757846997909 0.0 1.0 68
4.0 0.7076729501583894 4.0 1.0 69
4.0 1.5132185359202337 4.0 2.0 70
4.0 1.4479799311453565 4.0 2.0 71
0.0 0.47503988536214925 0.0 1.0 72
4.0 1.71939711523467 4.0 2.0 9
4.242208321001426 1.0 5.0 1.0 73
0.0 1.1317461008582794 0.0 2.0 10
4.0 0.25795390991296013 4.0 1.0 74
0.0 0.14131273312866802 0.0 1.0 76
0.559653808513923 1.0 0.0 1.0 14
0.49412538337197986 1.0 0.0 1.0 17
2.152535890014133 1.0 4.0 1.0 23
1.1118709448315993 1.0 0.0 1.0 33
0.0 0.7444015655981632 0.0 0.0 34
4.0 1.7752115044115786 4.0 2.0 35
1.5927039272361758 1.0 4.0 1.0 43
0.0 1.3170844678779308 0.0 2.0 45
4.85839883445594 1.0 5.0 1.0 46
1.2883803937954976 1.0 4.0 1.0 49
0.0 1.6363974617835388 0.0 2.0 50
0.0 1.5185264870217445 0.0 2.0 54
2.5466776270154465 1.0 0.0 1.0 55
0.0 0.889831092335963 0.0 1.0 56
1.6401711609942569 1.0 4.0 1.0 57
4.342322561157234 1.0 5.0 1.0 58
0.0 0.617981689341873 0.0 0.0 61
3.8351594564492997 1.0 0.0 1.0 63
*** t = 41
4.0 1.9237650062268976 4.0 2.0 64
0.0 0.7223202727918658 0.0 1.0 65
4.884588854999408 1.0 5.0 1.0 66
0.0 0.3663621249647929 0.0 0.0 67
0.0 0.848130941639749 0.0 1.0 68
4.0 0.8492075401900673 4.0 1.0 69
4.0 1.6415231699002921 4.0 2.0 70
4.0 1.5599749139316956 4.0 2.0 71
0.0 0.633386513816199 0.0 1.0 72
4.0 1.873975415646418 4.0 2.0 9
4.363312481502139 1.0 5.0 1.0 73
0.0 1.2465168258821206 0.0 2.0 10
4.0 0.38693086486944017 4.0 1.0 74
0.0 0.28262546625733603 0.0 1.0 76
0.0 0.8811989706923945 0.0 0.0 77
0.4584671558231561 1.0 0.0 1.0 14
0.38456680160235424 1.0 0.0 1.0 17
2.261244024152551 1.0 4.0 1.0 23
0.9915322341995826 1.0 0.0 1.0 33
0.0 0.6898103293198224 0.0 0.0 34
4.0 1.8523946132990385 4.0 2.0 35
1.7291620286696587 1.0 4.0 1.0 43
0.0 1.3945600248119268 0.0 2.0 45
4.967716412953348 1.0 5.0 1.0 46
1.3742724200485308 1.0 4.0 1.0 49
0.0 1.7454906259024414 0.0 2.0 50
0.0 1.635336216792648 0.0 2.0 54
2.4255674292667337 1.0 0.0 1.0 55
0.0 0.9707248280028687 0.0 1.0 56
1.8041882770936826 1.0 4.0 1.0 57
4.4643518848988 1.0 5.0 1.0 58
0.0 0.4644240992687478 0.0 0.0 61
3.6895543885054622 1.0 0.0 1.0 63
*** t = 42
0.0 0.812610306890849 0.0 1.0 65
0.0 0.26075581245892504 0.0 0.0 67
0.0 0.9894860985797072 0.0 1.0 68
4.0 0.9907421302217452 4.0 1.0 69
4.0 1.7698278038803505 4.0 2.0 70
4.0 1.6719698967180348 4.0 2.0 71
0.0 0.7917331422702488 0.0 1.0 72
4.484416642002852 1.0 5.0 1.0 73
0.0 1.3612875509059619 0.0 2.0 10
4.0 0.5159078198259203 4.0 1.0 74
0.0 0.4239381993860041 0.0 1.0 76
0.0 0.762397941384789 0.0 0.0 77
0.35728050313238924 1.0 0.0 1.0 14
0.0 0.16028387815726158 0.0 1.0 79
4.0 0.11497416148884222 4.0 1.0 80
0.2750082198327286 1.0 0.0 1.0 17
2.3699521582909693 1.0 4.0 1.0 23
0.8711935235675659 1.0 0.0 1.0 33
0.0 0.6352190930414817 0.0 0.0 34
4.0 1.9295777221864985 4.0 2.0 35
1.8656201301031416 1.0 4.0 1.0 43
0.0 1.4720355817459227 0.0 2.0 45
1.460164446301564 1.0 4.0 1.0 49
0.0 1.854583790021344 0.0 2.0 50
0.0 1.7521459465635514 0.0 2.0 54
2.304457231518021 1.0 0.0 1.0 55
0.05161856366977449 1.0 4.0 1.0 56
1.9682053931931083 1.0 4.0 1.0 57
4.586381208640367 1.0 5.0 1.0 58
0.0 0.31086650919562253 0.0 0.0 61
3.543949320561625 1.0 0.0 1.0 63
*** t = 43
0.0 0.9029003409898322 0.0 1.0 65
0.0 0.15514949995305716 0.0 0.0 67
0.0 1.1308412555196654 0.0 2.0 68
4.0 1.132276720253423 4.0 2.0 69
4.0 1.898132437860409 4.0 2.0 70
4.0 1.7839648795043739 4.0 2.0 71
0.0 0.9500797707242986 0.0 1.0 72
4.605520802503565 1.0 5.0 1.0 73
0.0 1.476058275929803 0.0 2.0 10
4.0 0.6448847747824004 4.0 1.0 74
0.0 0.5652509325146721 0.0 1.0 76
0.0 0.6435969120771835 0.0 0.0 77
0.25609385044162236 1.0 0.0 1.0 14
0.0 0.32056775631452317 0.0 1.0 79
4.0 0.22994832297768444 4.0 1.0 80
0.16544963806310295 1.0 0.0 1.0 17
4.0 1.1370164636175106 4.0 2.0 81
4.15296004976155 1.0 5.0 1.0 82
2.4786602924293875 1.0 4.0 1.0 23
0.7508548129355491 1.0 0.0 1.0 33
0.0 0.580627856763141 0.0 0.0 34
2.0020782315366246 1.0 4.0 1.0 43
0.0 1.5495111386799187 0.0 2.0 45
1.546056472554597 1.0 4.0 1.0 49
0.0 1.9636769541402466 0.0 2.0 50
0.0 1.8689556763344548 0.0 2.0 54
2.183347033769308 1.0 0.0 1.0 55
0.13251229933668024 1.0 4.0 1.0 56
2.132222509292534 1.0 4.0 1.0 57
4.708410532381933 1.0 5.0 1.0 58
0.0 0.15730891912249728 0.0 0.0 61
3.3983442526177874 1.0 0.0 1.0 63
*** t = 44
0.0 0.9931903750888154 0.0 1.0 65
0.0 0.04954318744718929 0.0 0.0 67
0.0 1.2721964124596237 0.0 2.0 68
4.0 1.2738113102851008 4.0 2.0 69
4.0 1.895959862290713 4.0 2.0 71
0.0 0.8915736008216516 0.0 0.0 72
4.726624963004278 1.0 5.0 1.0 73
0.0 1.5908290009536443 0.0 2.0 10
4.0 0.7738617297388805 4.0 1.0 74
0.0 0.70656366564334 0.0 1.0 76
0.0 0.524795882769578 0.0 0.0 77
0.15490719775085549 1.0 0.0 1.0 14
0.0 0.48085163447178475 0.0 1.0 79
4.0 0.3449224844665267 4.0 1.0 80
0.05589105629347729 1.0 0.0 1.0 17
4.0 1.2740329272350213 4.0 2.0 81
4.3059200995230995 1.0 5.0 1.0 82
0.0 0.10193965653389374 0.0 1.0 83
2.5873684265678056 1.0 4.0 1.0 23
0.6305161023035324 1.0 0.0 1.0 33
0.0 0.5260366204848003 0.0 0.0 34
2.1385363329701077 1.0 4.0 1.0 43
0.0 1.6269866956139147 0.0 2.0 45
1.6319484988076303 1.0 4.0 1.0 49
0.0 1.9857654061053582 0.0 2.0 54
2.0622368360205954 1.0 0.0 1.0 55
0.213406035003586 1.0 4.0 1.0 56
2.2962396253919595 1.0 4.0 1.0 57
4.830439856123499 1.0 5.0 1.0 58
0.0 0.003751329049372032 0.0 0.0 61
3.25273918467395 1.0 0.0 1.0 63
*** t = 45
0.0 1.0834804091877985 0.0 2.0 65
0.0 1.413551569399582 0.0 2.0 68
4.0 1.4153459003167785 4.0 2.0 69
0.0 0.7332269723676018 0.0 0.0 72
4.847729123504991 1.0 5.0 1.0 73
0.0 1.7055997259774855 0.0 2.0 10
4.0 0.9028386846953605 4.0 1.0 74
0.0 0.847876398772008 0.0 1.0 76
0.0 0.4059948534619725 0.0 0.0 77
0.05372054506008861 1.0 0.0 1.0 14
0.0 0.6411355126290463 0.0 1.0 79
4.0 0.4598966459553689 4.0 1.0 80
0.0 0.9463324745238516 0.0 0.0 17
4.0 1.411049390852532 4.0 2.0 81
4.458880149284649 1.0 5.0 1.0 82
0.0 0.20387931306778748 0.0 1.0 83
4.0 0.09565793176372206 4.0 1.0 86
2.696076560706224 1.0 4.0 1.0 23
0.5101773916715157 1.0 0.0 1.0 33
0.0 0.47144538420645954 0.0 0.0 34
2.274994434403591 1.0 4.0 1.0 43
0.0 1.7044622525479107 0.0 2.0 45
1.7178405250606634 1.0 4.0 1.0 49
1.9411266382718828 1.0 0.0 1.0 55
0.29429977067049173 1.0 4.0 1.0 56
2.460256741491385 1.0 4.0 1.0 57
4.952469179865066 1.0 5.0 1.0 58
3.1071341167301125 1.0 0.0 1.0 63
*** t = 46
0.0 1.1737704432867817 0.0 2.0 65
0.0 1.5549067263395402 0.0 2.0 68
4.0 1.5568804903484563 4.0 2.0 69
0.0 0.574880343913552 0.0 0.0 72
4.968833284005704 1.0 5.0 1.0 73
0.0 1.8203704510013268 0.0 2.0 10
4.0 1.0318156396518405 4.0 2.0 74
0.0 0.989189131900676 0.0 1.0 76
0.0 0.287193824154367 0.0 0.0 77
0.04746610763067827 1.0 4.0 1.0 14
0.0 0.8014193907863079 0.0 1.0 79
4.0 0.5748708074442112 4.0 1.0 80
0.0 0.836773892754226 0.0 0.0 17
4.0 1.5480658544700425 4.0 2.0 81
4.611840199046199 1.0 5.0 1.0 82
0.0 0.3058189696016812 0.0 1.0 83
0.12034248027919792 1.0 4.0 1.0 85
4.0 0.19131586352744412 4.0 1.0 86
2.804784694844642 1.0 4.0 1.0 23
0.0 0.13378394007574132 0.0 1.0 88
0.3898386810394989 1.0 0.0 1.0 33
0.0 0.4168541479281188 0.0 0.0 34
2.411452535837074 1.0 4.0 1.0 43
0.0 1.7819378094819067 0.0 2.0 45
1.8037325513136966 1.0 4.0 1.0 49
1.8200164405231702 1.0 0.0 1.0 55
0.37519350633739745 1.0 4.0 1.0 56
2.6242738575908104 1.0 4.0 1.0 57
2.961529048786275 1.0 0.0 1.0 63
*** t = 47
0.0 1.2640604773857649 0.0 2.0 65
0.0 1.6962618832794985 0.0 2.0 68
4.0 1.6984150803801341 4.0 2.0 69
0.0 0.41653371545950224 0.0 0.0 72
0.0 1.935141176025168 0.0 2.0 10
4.0 1.1607925946083206 4.0 2.0 74
0.13050186502934405 1.0 4.0 1.0 76
0.0 0.1683927948467615 0.0 0.0 77
0.14865276032144514 1.0 4.0 1.0 14
0.0 0.9617032689435694 0.0 1.0 79
4.0 0.6898449689330534 4.0 1.0 80
0.0 0.7272153109846003 0.0 0.0 17
4.0 1.6850823180875532 4.0 2.0 81
4.764800248807749 1.0 5.0 1.0 82
0.0 0.40775862613557495 0.0 1.0 83
0.24068496055839583 1.0 4.0 1.0 85
4.0 0.2869737952911662 4.0 1.0 86
2.91349282898306 1.0 4.0 1.0 23
0.0 0.26756788015148264 0.0 1.0 88
4.1399138408353915 1.0 5.0 1.0 89
0.2694999704074822 1.0 0.0 1.0 33
0.0 0.3622629116497781 0.0 0.0 34
2.547910637270557 1.0 4.0 1.0 43
0.0 1.8594133664159027 0.0 2.0 45
1.8896245775667297 1.0 4.0 1.0 49
1.6989062427744577 1.0 0.0 1.0 55
0.4560872420043032 1.0 4.0 1.0 56
2.788290973690236 1.0 4.0 1.0 57
2.8159239808424377 1.0 0.0 1.0 63
*** t = 48
0.0 1.354350511484748 0.0 2.0 65
0.0 1.8376170402194567 0.0 2.0 68
4.0 1.839949670411812 4.0 2.0 69
0.0 0.25818708700545245 0.0 0.0 72
4.0 1.2897695495648007 4.0 2.0 74
0.27181459815801207 1.0 4.0 1.0 76
0.0 0.04959176553915602 0.0 0.0 77
0.24983941301221202 1.0 4.0 1.0 14
0.0 1.121987147100831 0.0 2.0 79
4.0 0.8048191304218956 4.0 1.0 80
0.0 0.6176567292149747 0.0 0.0 17
4.0 1.8220987817050638 4.0 2.0 81
4.9177602985692985 1.0 5.0 1.0 82
0.0 0.5096982826694687 0.0 1.0 83
0.36102744083759375 1.0 4.0 1.0 85
4.0 0.38263172705488824 4.0 1.0 86
3.0222009631214783 1.0 4.0 1.0 23
0.0 0.40135182022722393 0.0 1.0 88
4.279827681670783 1.0 5.0 1.0 89
0.0 0.12575832580833396 0.0 1.0 90
4.0 0.16522975957300143 4.0 1.0 91
0.14916125977546543 1.0 0.0 1.0 33
0.0 0.30767167537143736 0.0 0.0 34
2.6843687387040402 1.0 4.0 1.0 43
0.0 1.9368889233498987 0.0 2.0 45
1.975516603819763 1.0 4.0 1.0 49
1.577796045025745 1.0 0.0 1.0 55
0.5369809776712089 1.0 4.0 1.0 56
2.9523080897896614 1.0 4.0 1.0 57
2.6703189128986002 1.0 0.0 1.0 63
*** t = 49
0.0 1.4446405455837312 0.0 2.0 65
0.0 1.978972197159415 0.0 2.0 68
4.0 1.9814842604434897 4.0 2.0 69
0.0 0.0998404585514027 0.0 0.0 72
4.0 1.4187465045212808 4.0 2.0 74
0.4131273312866801 1.0 4.0 1.0 76
0.3510260657029789 1.0 4.0 1.0 14
0.0 1.2822710252580924 0.0 2.0 79
4.0 0.9197932919107378 4.0 1.0 80
0.0 0.5080981474453491 0.0 0.0 17
4.0 1.9591152453225744 4.0 2.0 81
0.0 0.6116379392033624 0.0 1.0 83
0.48136992111679167 1.0 4.0 1.0 85
4.0 0.4782896588186103 4.0 1.0 86
3.1309090972598965 1.0 4.0 1.0 23
0.0 0.5351357603029653 0.0 1.0 88
4.4197415225061745 1.0 5.0 1.0 89
0.0 0.2515166516166679 0.0 1.0 90
4.0 0.33045951914600286 4.0 1.0 91
4.0 1.1666375725634688 4.0 2.0 93
0.028822549143448672 1.0 0.0 1.0 33
0.0 0.25308043909309663 0.0 0.0 34
2.8208268401375234 1.0 4.0 1.0 43
2.0614086300727963 1.0 4.0 1.0 49
1.4566858472770325 1.0 0.0 1.0 55
0.6178747133381146 1.0 4.0 1.0 56
3.116325205889087 1.0 4.0 1.0 57
2.524713844954763 1.0 0.0 1.0 63
*** t = 50
0.0 1.5349305796827144 0.0 2.0 65
4.0 1.547723459477761 4.0 2.0 74
0.5544400644153481 1.0 4.0 1.0 76
0.45221271839374577 1.0 4.0 1.0 14
0.0 1.442554903415354 0.0 2.0 79
4.0 1.03476745339958 4.0 2.0 80
0.0 0.39853956567572346 0.0 0.0 17
0.0 0.7135775957372561 0.0 1.0 83
0.6017124013959896 1.0 4.0 1.0 85
4.0 0.5739475905823324 4.0 1.0 86
3.2396172313983147 1.0 4.0 1.0 23
0.0 0.6689197003787066 0.0 1.0 88
4.559655363341566 1.0 5.0 1.0 89
0.0 0.3772749774250019 0.0 1.0 90
4.0 0.49568927871900426 4.0 1.0 91
4.0 1.3332751451269376 4.0 2.0 93
0.0 0.1515121964660685 0.0 1.0 94
0.09151616148856809 1.0 4.0 1.0 33
0.0 0.19848920281475588 0.0 0.0 34
2.9572849415710065 1.0 4.0 1.0 43
2.1473006563258297 1.0 4.0 1.0 49
1.33557564952832 1.0 0.0 1.0 55
0.6987684490050203 1.0 4.0 1.0 56
3.2803423219885124 1.0 4.0 1.0 57
2.3791087770109254 1.0 0.0 1.0 63
*** t = 51
0.0 1.6252206137816976 0.0 2.0 65
4.0 1.676700414434241 4.0 2.0 74
0.6957527975440161 1.0 4.0 1.0 76
0.5533993710845126 1.0 4.0 1.0 14
0.0 1.6028387815726155 0.0 2.0 79
4.0 1.1497416148884223 4.0 2.0 80
0.0 0.28898098390609783 0.0 0.0 17
0.0 0.8155172522711498 0.0 1.0 83
0.7220548816751875 1.0 4.0 1.0 85
4.0 0.6696055223460544 4.0 1.0 86
3.348325365536733 1.0 4.0 1.0 23
0.0 0.802703640454448 0.0 1.0 88
4.6995692041769574 1.0 5.0 1.0 89
0.0 0.5030333032333358 0.0 1.0 90
4.0 0.6609190382920057 4.0 1.0 91
4.0 1.4999127176904063 4.0 2.0 93
0.0 0.303024392932137 0.0 1.0 94
0.09691450787449978 1.0 4.0 1.0 95
4.108870351054098 1.0 5.0 1.0 96
0.21185487212058485 1.0 4.0 1.0 33
4.0 0.08283805821705927 4.0 1.0 97
0.0 0.14389796653641512 0.0 0.0 34
3.0937430430044897 1.0 4.0 1.0 43
2.233192682578863 1.0 4.0 1.0 49
1.2144654517796074 1.0 0.0 1.0 55
0.779662184671926 1.0 4.0 1.0 56
3.444359438087938 1.0 4.0 1.0 57
2.233503709067088 1.0 0.0 1.0 63
*** t = 52
0.0 1.7155106478806808 0.0 2.0 65
4.0 1.805677369390721 4.0 2.0 74
0.8370655306726841 1.0 4.0 1.0 76
0.6545860237752795 1.0 4.0 1.0 14
0.0 1.763122659729877 0.0 2.0 79
4.0 1.2647157763772645 4.0 2.0 80
0.0 0.17942240213647218 0.0 0.0 17
0.0 0.9174569088050435 0.0 1.0 83
0.8423973619543854 1.0 4.0 1.0 85
4.0 0.7652634541097765 4.0 1.0 86
3.457033499675151 1.0 4.0 1.0 23
0.0 0.9364875805301893 0.0 1.0 88
4.839483045012349 1.0 5.0 1.0 89
0.0 0.6287916290416697 0.0 1.0 90
4.0 0.8261487978650072 4.0 1.0 91
4.0 1.6665502902538751 4.0 2.0 93
0.0 0.4545365893982055 0.0 1.0 94
0.19382901574899955 1.0 4.0 1.0 95
4.2177407021081965 1.0 5.0 1.0 96
0.3321935827526016 1.0 4.0 1.0 33
4.0 0.16567611643411853 4.0 1.0 97
0.0 0.08930673025807437 0.0 0.0 34
0.0 0.11786203647084885 0.0 1.0 99
3.230201144437973 1.0 4.0 1.0 43
2.3190847088318964 1.0 4.0 1.0 49
1.0933552540308948 1.0 0.0 1.0 55
0.8605559203388318 1.0 4.0 1.0 56
3.6083765541873634 1.0 4.0 1.0 57
2.0878986411232505 1.0 0.0 1.0 63
*** t = 53
0.0 1.805800681979664 0.0 2.0 65
4.0 1.9346543243472012 4.0 2.0 74
0.9783782638013521 1.0 4.0 1.0 76
0.7557726764660464 1.0 4.0 1.0 14
0.0 1.9234065378871386 0.0 2.0 79
4.0 1.3796899378661067 4.0 2.0 80
0.0 0.06986382036684652 0.0 0.0 17
0.01939656533893723 1.0 4.0 1.0 83
0.9627398422335833 1.0 4.0 1.0 85
4.0 0.8609213858734985 4.0 1.0 86
3.5657416338135692 1.0 4.0 1.0 23
0.0 0.9297284793940693 0.0 0.0 88
4.97939688584774 1.0 5.0 1.0 89
0.0 0.7545499548500036 0.0 1.0 90
4.0 0.9913785574380086 4.0 1.0 91
4.0 1.833187862817344 4.0 2.0 93
0.0 0.606048785864274 0.0 1.0 94
0.2907435236234993 1.0 4.0 1.0 95
4.326611053162295 1.0 5.0 1.0 96
0.4525322933846183 1.0 4.0 1.0 33
4.0 0.2485141746511778 4.0 1.0 97
0.0 0.034715493979733614 0.0 0.0 34
0.0 0.2357240729416977 0.0 1.0 99
3.366659245871456 1.0 4.0 1.0 43
2.40497673508493 1.0 4.0 1.0 49
0.9722450562821823 1.0 0.0 1.0 55
0.9414496560057375 1.0 4.0 1.0 56
3.772393670286789 1.0 4.0 1.0 57
1.9422935731794129 1.0 0.0 1.0 63
*** t = 54
0.0 1.896090716078647 0.0 2.0 65
1.1196909969300202 1.0 4.0 1.0 76
0.8569593291568133 1.0 4.0 1.0 14
4.0 1.494664099354949 4.0 2.0 80
0.12133622187283097 1.0 4.0 1.0 83
1.0830823225127812 1.0 4.0 1.0 85
4.0 0.9565793176372206 4.0 1.0 86
3.6744497679519874 1.0 4.0 1.0 23
0.0 0.795944539318328 0.0 0.0 88
0.0 0.8803082806583375 0.0 1.0 90
4.0 1.9998254353808127 4.0 2.0 93
0.0 0.7575609823303425 0.0 1.0 94
0.3876580314979991 1.0 4.0 1.0 95
4.435481404216393 1.0 5.0 1.0 96
0.572871004016635 1.0 4.0 1.0 33
4.0 0.33135223286823706 4.0 1.0 97
0.0 0.35358610941254653 0.0 1.0 99
0.0 0.12555861772456858 0.0 1.0 101
4.0 0.09032296295718804 4.0 1.0 102
3.503117347304939 1.0 4.0 1.0 43
2.490868761337963 1.0 4.0 1.0 49
0.8511348585334697 1.0 0.0 1.0 55
1.0223433916726432 1.0 4.0 1.0 56
3.9364107863862143 1.0 4.0 1.0 57
1.7966885052355752 1.0 0.0 1.0 63
*** t = 55
0.0 1.9863807501776303 0.0 2.0 65
1.2610037300586883 1.0 4.0 1.0 76
0.9581459818475802 1.0 4.0 1.0 14
4.0 1.6096382608437911 4.0 2.0 80
0.2232758784067247 1.0 4.0 1.0 83
1.2034248027919792 1.0 4.0 1.0 85
4.0 1.0522372494009427 4.0 2.0 86
3.7831579020904056 1.0 4.0 1.0 23
0.0 0.6621605992425866 0.0 0.0 88
0.0 1.0060666064666715 0.0 2.0 90
0.0 0.909073178796411 0.0 1.0 94
0.4845725393724989 1.0 4.0 1.0 95
4.544351755270491 1.0 5.0 1.0 96
0.6932097146486518 1.0 4.0 1.0 33
4.0 0.4141902910852963 4.0 1.0 97
0.0 0.4714481458833954 0.0 1.0 99
0.0 0.25111723544913717 0.0 1.0 101
4.0 0.1806459259143761 4.0 1.0 102
4.096263028801245 1.0 5.0 1.0 103
4.14830570338152 1.0 5.0 1.0 104
3.639575448738422 1.0 4.0 1.0 43
2.5767607875909966 1.0 4.0 1.0 49
0.7300246607847571 1.0 0.0 1.0 55
1.103237127339549 1.0 4.0 1.0 56
4.10042790248564 1.0 5.0 1.0 57
1.6510834372917376 1.0 0.0 1.0 63
*** t = 56
1.4023164631873564 1.0 4.0 1.0 76
1.0593326345383471 1.0 4.0 1.0 14
4.0 1.7246124223326333 4.0 2.0 80
0.32521553494061844 1.0 4.0 1.0 83
1.323767283071177 1.0 4.0 1.0 85
4.0 1.1478951811646647 4.0 2.0 86
3.8918660362288238 1.0 4.0 1.0 23
0.0 0.5283766591668453 0.0 0.0 88
0.0 1.1318249322750054 0.0 2.0 90
0.0 1.0605853752624794 0.0 2.0 94
0.5814870472469986 1.0 4.0 1.0 95
4.6532221063245895 1.0 5.0 1.0 96
0.8135484252806685 1.0 4.0 1.0 33
4.0 0.49702834930235557 4.0 1.0 97
0.0 0.5893101823542443 0.0 1.0 99
0.0 0.3766758531737058 0.0 1.0 101
4.0 0.2709688888715641 4.0 1.0 102
4.192526057602491 1.0 5.0 1.0 103
4.29661140676304 1.0 5.0 1.0 104
0.2048660753866751 1.0 4.0 1.0 105
0.0 0.10260090374858027 0.0 1.0 106
3.7760335501719053 1.0 4.0 1.0 43
2.66265281384403 1.0 4.0 1.0 49
0.6089144630360446 1.0 0.0 1.0 55
1.1841308630064546 1.0 4.0 1.0 56
4.264445018585065 1.0 5.0 1.0 57
1.5054783693479 1.0 0.0 1.0 63
*** t = 57
1.5436291963160245 1.0 4.0 1.0 76
1.1605192872291141 1.0 4.0 1.0 14
4.0 1.8395865838214756 4.0 2.0 80
0.4271551914745122 1.0 4.0 1.0 83
1.444109763350375 1.0 4.0 1.0 85
4.0 1.2435531129283868 4.0 2.0 86
0.0 0.39459271909110394 0.0 0.0 88
0.0 1.2575832580833393 0.0 2.0 90
0.0 1.212097571728548 0.0 2.0 94
0.6784015551214984 1.0 4.0 1.0 95
4.762092457378688 1.0 5.0 1.0 96
0.9338871359126852 1.0 4.0 1.0 33
4.0 0.5798664075194149 4.0 1.0 97
0.0 0.7071722188250931 0.0 1.0 99
0.0 0.5022344708982743 0.0 1.0 101
4.0 0.3612918518287522 4.0 1.0 102
4.288789086403736 1.0 5.0 1.0 103
4.4449171101445595 1.0 5.0 1.0 104
0.4097321507733502 1.0 4.0 1.0 105
0.0 0.20520180749716055 0.0 1.0 106
3.9124916516053885 1.0 4.0 1.0 43
3.8624128329462972 1.0 0.0 1.0 107
4.0 0.14457343152714158 4.0 1.0 108
2.7485448400970633 1.0 4.0 1.0 49
0.487804265287332 1.0 0.0 1.0 55
1.2650245986733604 1.0 4.0 1.0 56
4.428462134684491 1.0 5.0 1.0 57
1.3598733014040623 1.0 0.0 1.0 63
*** t = 58
1.6849419294446926 1.0 4.0 1.0 76
1.2617059399198811 1.0 4.0 1.0 14
4.0 1.9545607453103178 4.0 2.0 80
0.5290948480084059 1.0 4.0 1.0 83
1.564452243629573 1.0 4.0 1.0 85
4.0 1.3392110446921088 4.0 2.0 86
0.0 0.2608087790153626 0.0 0.0 88
0.0 1.3833415838916732 0.0 2.0 90
0.0 1.3636097681946167 0.0 2.0 94
0.7753160629959981 1.0 4.0 1.0 95
4.870962808432786 1.0 5.0 1.0 96
1.054225846544702 1.0 4.0 1.0 33
4.0 0.6627044657364741 4.0 1.0 97
0.0 0.8250342552959419 0.0 1.0 99
0.0 0.6277930886228429 0.0 1.0 101
4.0 0.45161481478594023 4.0 1.0 102
4.3850521152049815 1.0 5.0 1.0 103
4.593222813526079 1.0 5.0 1.0 104
0.6145982261600252 1.0 4.0 1.0 105
0.0 0.3078027112457408 0.0 1.0 106
3.7248256658925945 1.0 0.0 1.0 107
4.0 0.28914686305428317 4.0 1.0 108
4.146620699044982 1.0 5.0 1.0 109
0.0 0.1464570411689952 0.0 1.0 110
2.8344368663500967 1.0 4.0 1.0 49
0.36669406753861944 1.0 0.0 1.0 55
1.345918334340266 1.0 4.0 1.0 56
4.592479250783916 1.0 5.0 1.0 57
1.2142682334602246 1.0 0.0 1.0 63
*** t = 59
1.8262546625733607 1.0 4.0 1.0 76
1.362892592610648 1.0 4.0 1.0 14
0.6310345045422996 1.0 4.0 1.0 83
1.6847947239087708 1.0 4.0 1.0 85
4.0 1.434868976455831 4.0 2.0 86
0.0 0.12702483893962127 0.0 0.0 88
0.0 1.509099909700007 0.0 2.0 90
0.0 1.5151219646606853 0.0 2.0 94
0.8722305708704978 1.0 4.0 1.0 95
4.979833159486884 1.0 5.0 1.0 96
1.174564557176719 1.0 4.0 1.0 33
4.0 0.7455425239535334 4.0 1.0 97
0.0 0.9428962917667907 0.0 1.0 99
0.0 0.7533517063474114 0.0 1.0 101
4.0 0.5419377777431282 4.0 1.0 102
4.481315144006227 1.0 5.0 1.0 103
4.741528516907599 1.0 5.0 1.0 104
0.8194643015467004 1.0 4.0 1.0 105
0.0 0.4104036149943211 0.0 1.0 106
3.5872384988388917 1.0 0.0 1.0 107
4.0 0.43372029458142475 4.0 1.0 108
4.293241398089965 1.0 5.0 1.0 109
0.0 0.2929140823379904 0.0 1.0 110
2.92032889260313 1.0 4.0 1.0 49
0.24558386978990687 1.0 0.0 1.0 55
1.4268120700071718 1.0 4.0 1.0 56
4.756496366883342 1.0 5.0 1.0 57
1.068663165516387 1.0 0.0 1.0 63
*** t = 60
1.9675673957020288 1.0 4.0 1.0 76
1.464079245301415 1.0 4.0 1.0 14
0.7329741610761933 1.0 4.0 1.0 83
1.8051372041879687 1.0 4.0 1.0 85
4.0 1.530526908219553 4.0 2.0 86
0.0 1.634858235508341 0.0 2.0 90
0.0 1.6666341611267539 0.0 2.0 94
0.9691450787449976 1.0 4.0 1.0 95
1.2949032678087358 1.0 4.0 1.0 33
4.0 0.8283805821705926 4.0 1.0 97
0.0 0.9392416717623605 0.0 0.0 99
0.0 0.87891032407198 0.0 1.0 101
4.0 0.6322607407003162 4.0 1.0 102
4.577578172807472 1.0 5.0 1.0 103
4.889834220289119 1.0 5.0 1.0 104
1.0243303769333754 1.0 4.0 1.0 105
0.0 0.5130045187429013 0.0 1.0 106
3.449651331785189 1.0 0.0 1.0 107
4.0 0.5782937261085663 4.0 1.0 108
4.439862097134947 1.0 5.0 1.0 109
0.0 0.4393711235069856 0.0 1.0 110
0.0 0.08634658753486867 0.0 1.0 112
3.0062209188561635 1.0 4.0 1.0 49
4.0 0.11742966501975904 4.0 1.0 114
0.12447367204119429 1.0 0.0 1.0 55
1.5077058056740775 1.0 4.0 1.0 56
4.920513482982767 1.0 5.0 1.0 57
0.9230580975725494 1.0 0.0 1.0 63
*** t = 61
2.108880128830697 1.0 4.0 1.0 76
1.565265897992182 1.0 4.0 1.0 14
0.834913817610087 1.0 4.0 1.0 83
1.9254796844671667 1.0 4.0 1.0 85
4.0 1.626184839983275 4.0 2.0 86
0.0 1.7606165613166749 0.0 2.0 90
0.0 1.8181463575928225 0.0 2.0 94
1.0660595866194973 1.0 4.0 1.0 95
1.4152419784407526 1.0 4.0 1.0 33
4.0 0.9112186403876519 4.0 1.0 97
0.0 0.8213796352915117 0.0 0.0 99
0.0 1.0044689417965487 0.0 2.0 101
4.0 0.7225837036575042 4.0 1.0 102
4.673841201608718 1.0 5.0 1.0 103
1.2291964523200505 1.0 4.0 1.0 105
0.0 0.6156054224914815 0.0 1.0 106
3.312064164731486 1.0 0.0 1.0 107
4.0 0.722867157635708 4.0 1.0 108
4.586482796179929 1.0 5.0 1.0 109
0.0 0.5858281646759808 0.0 1.0 110
0.0 0.17269317506973733 0.0 1.0 112
3.092112945109197 1.0 4.0 1.0 49
0.0 0.8774419694184714 0.0 0.0 113
4.0 0.2348593300395181 4.0 1.0 114
4.1195953817195745 1.0 5.0 1.0 115
4.0 1.1738359762094281 4.0 2.0 116
0.0033634742924817107 1.0 0.0 1.0 55
1.5885995413409832 1.0 4.0 1.0 56
0.7774530296287119 1.0 0.0 1.0 63
*** t = 62
2.250192861959365 1.0 4.0 1.0 76
1.666452550682949 1.0 4.0 1.0 14
0.9368534741439807 1.0 4.0 1.0 83
2.0458221647463644 1.0 4.0 1.0 85
4.0 1.721842771746997 4.0 2.0 86
0.0 1.8863748871250088 0.0 2.0 90
0.0 1.9696585540588911 0.0 2.0 94
1.162974094493997 1.0 4.0 1.0 95
1.5355806890727695 1.0 4.0 1.0 33
4.0 0.9940566986047111 4.0 1.0 97
0.0 0.7035175988206629 0.0 0.0 99
0.0 1.1300275595211173 0.0 2.0 101
4.0 0.8129066666146922 4.0 1.0 102
4.770104230409963 1.0 5.0 1.0 103
1.4340625277067256 1.0 4.0 1.0 105
0.0 0.7182063262400618 0.0 1.0 106
3.1744769976777834 1.0 0.0 1.0 107
4.0 0.8674405891628496 4.0 1.0 108
4.733103495224912 1.0 5.0 1.0 109
0.0 0.7322852058449759 0.0 1.0 110
0.0 0.259039762604606 0.0 1.0 112
3.1780049713622303 1.0 4.0 1.0 49
0.0 0.7548839388369428 0.0 0.0 113
4.0 0.35228899505927713 4.0 1.0 114
4.239190763439149 1.0 5.0 1.0 115
4.0 1.3476719524188563 4.0 2.0 116
0.0 0.10838593193980649 0.0 1.0 117
0.0 1.1177467234562308 0.0 2.0 55
1.669493277007889 1.0 4.0 1.0 56
0.6318479616848743 1.0 0.0 1.0 63
*** t = 63
2.391505595088033 1.0 4.0 1.0 76
1.767639203373716 1.0 4.0 1.0 14
1.0387931306778744 1.0 4.0 1.0 83
2.166164645025562 1.0 4.0 1.0 85
4.0 1.8175007035107191 4.0 2.0 86
1.2598886023684968 1.0 4.0 1.0 95
1.6559193997047863 1.0 4.0 1.0 33
4.076894756821771 1.0 5.0 1.0 97
0.0 0.5856555623498141 0.0 0.0 99
0.0 1.255586177245686 0.0 2.0 101
4.0 0.9032296295718802 4.0 1.0 102
4.866367259211208 1.0 5.0 1.0 103
1.6389286030934007 1.0 4.0 1.0 105
0.0 0.820807229988642 0.0 1.0 106
3.0368898306240806 1.0 0.0 1.0 107
3.9879859793100088 1.0 0.0 1.0 108
4.879724194269894 1.0 5.0 1.0 109
0.0 0.8787422470139711 0.0 1.0 110
0.0 0.34538635013947466 0.0 1.0 112
3.2638969976152636 1.0 4.0 1.0 49
0.0 0.6323259082554142 0.0 0.0 113
4.0 0.4697186600790362 4.0 1.0 114
4.3587861451587235 1.0 5.0 1.0 115
4.0 1.5215079286282844 4.0 2.0 116
0.0 0.21677186387961297 0.0 1.0 117
0.0 1.2388569212049434 0.0 2.0 55
4.0 0.10191803940121878 4.0 1.0 119
1.7503870126747947 1.0 4.0 1.0 56
0.4862428937410368 1.0 0.0 1.0 63
*** t = 64
2.532818328216701 1.0 4.0 1.0 76
1.868825856064483 1.0 4.0 1.0 14
1.140732787211768 1.0 4.0 1.0 83
2.2865071253047597 1.0 4.0 1.0 85
4.0 1.9131586352744412 4.0 2.0 86
1.3568031102429965 1.0 4.0 1.0 95
1.7762581103368031 1.0 4.0 1.0 33
4.15973281503883 1.0 5.0 1.0 97
0.0 0.4677935258789652 0.0 0.0 99
0.0 1.3811447949702547 0.0 2.0 101
4.0 0.9935525925290682 4.0 1.0 102
4.962630288012454 1.0 5.0 1.0 103
1.8437946784800758 1.0 4.0 1.0 105
0.0 0.9234081337372222 0.0 1.0 106
2.899302663570378 1.0 0.0 1.0 107
3.8434125477828673 1.0 0.0 1.0 108
0.025199288182966267 1.0 4.0 1.0 110
0.0 0.43173293767434334 0.0 1.0 112
3.349789023868297 1.0 4.0 1.0 49
0.0 0.5097678776738856 0.0 0.0 113
4.0 0.5871483250987952 4.0 1.0 114
4.478381526878298 1.0 5.0 1.0 115
4.0 1.6953439048377126 4.0 2.0 116
0.0 0.32515779581941945 0.0 1.0 117
0.0 1.359967118953656 0.0 2.0 55
4.0 0.20383607880243756 4.0 1.0 119
1.8312807483417004 1.0 4.0 1.0 56
0.0 0.07218212788773984 0.0 1.0 121
0.34063782579719926 1.0 0.0 1.0 63
*** t = 65
2.6741310613453693 1.0 4.0 1.0 76
1.97001250875525 1.0 4.0 1.0 14
1.2426724437456618 1.0 4.0 1.0 83
2.4068496055839574 1.0 4.0 1.0 85
1.4537176181174962 1.0 4.0 1.0 95
1.89659682096882 1.0 4.0 1.0 33
4.2425708732558896 1.0 5.0 1.0 97
0.0 0.34993148940811636 0.0 0.0 99
0.0 1.5067034126948233 0.0 2.0 101
4.0 1.0838755554862562 4.0 2.0 102
2.0486607538667507 1.0 4.0 1.0 105
0.0 1.0260090374858024 0.0 2.0 106
2.761715496516675 1.0 0.0 1.0 107
3.698839116255726 1.0 0.0 1.0 108
0.17165632935196146 1.0 4.0 1.0 110
0.0 0.518079525209212 0.0 1.0 112
3.4356810501213304 1.0 4.0 1.0 49
0.0 0.387209847092357 0.0 0.0 113
4.0 0.7045779901185543 4.0 1.0 114
4.597976908597873 1.0 5.0 1.0 115
4.0 1.8691798810471407 4.0 2.0 116
0.0 0.43354372775922595 0.0 1.0 117
0.0 1.4810773167023685 0.0 2.0 55
4.0 0.30575411820365633 4.0 1.0 119
1.9121744840086061 1.0 4.0 1.0 56
0.0 0.14436425577547968 0.0 1.0 121
0.1950327578533617 1.0 0.0 1.0 63
*** t = 66
2.8154437944740374 1.0 4.0 1.0 76
2.071199161446017 1.0 4.0 1.0 14
1.3446121002795555 1.0 4.0 1.0 83
2.527192085863155 1.0 4.0 1.0 85
1.550632125991996 1.0 4.0 1.0 95
2.016935531600837 1.0 4.0 1.0 33
4.325408931472949 1.0 5.0 1.0 97
0.0 0.2320694529372675 0.0 0.0 99
0.0 1.632262030419392 0.0 2.0 101
4.0 1.1741985184434443 4.0 2.0 102
2.253526829253426 1.0 4.0 1.0 105
0.0 1.1286099412343826 0.0 2.0 106
2.6241283294629723 1.0 0.0 1.0 107
3.5542656847285845 1.0 0.0 1.0 108
0.3181133705209567 1.0 4.0 1.0 110
0.0 0.6044261127440806 0.0 1.0 112
3.521573076374364 1.0 4.0 1.0 49
0.0 0.26465181651082836 0.0 0.0 113
4.0 0.8220076551383133 4.0 1.0 114
4.717572290317447 1.0 5.0 1.0 115
0.0 0.5419296596990324 0.0 1.0 117
0.0 1.602187514451081 0.0 2.0 55
4.0 0.40767215760487513 4.0 1.0 119
1.9930682196755118 1.0 4.0 1.0 56
0.0 0.21654638366321952 0.0 1.0 121
0.10796825331189742 1.0 4.0 1.0 123
0.0 0.1483390816745255 0.0 1.0 124
4.0 0.12737332902036133 4.0 1.0 125
0.04942768990952412 1.0 0.0 1.0 63
*** t = 67
2.9567565276027055 1.0 4.0 1.0 76
2.172385814136784 1.0 4.0 1.0 14
1.4465517568134492 1.0 4.0 1.0 83
2.647534566142353 1.0 4.0 1.0 85
1.6475466338664957 1.0 4.0 1.0 95
2.1372742422328534 1.0 4.0 1.0 33
4.408246989690008 1.0 5.0 1.0 97
0.0 0.11420741646641865 0.0 0.0 99
0.0 1.7578206481439607 0.0 2.0 101
4.0 1.2645214814006323 4.0 2.0 102
2.458392904640101 1.0 4.0 1.0 105
0.0 1.2312108449829628 0.0 2.0 106
2.4865411624092695 1.0 0.0 1.0 107
3.409692253201443 1.0 0.0 1.0 108
0.46457041168995183 1.0 4.0 1.0 110
0.0 0.6907727002789493 0.0 1.0 112
3.607465102627397 1.0 4.0 1.0 49
0.0 0.14209378592929972 0.0 0.0 113
4.0 0.9394373201580724 4.0 1.0 114
4.837167672037022 1.0 5.0 1.0 115
0.0 0.6503155916388389 0.0 1.0 117
0.0 1.7232977121997937 0.0 2.0 55
4.0 0.5095901970060939 4.0 1.0 119
2.073961955342418 1.0 4.0 1.0 56
0.0 0.28872851155095935 0.0 1.0 121
0.21593650662379485 1.0 4.0 1.0 123
0.0 0.296678163349051 0.0 1.0 124
4.0 0.25474665804072266 4.0 1.0 125
4.167352968037655 1.0 5.0 1.0 126
0.0 0.9038226219656865 0.0 0.0 63
*** t = 68
0.0 0.1488744426215018 0.0 1.0 128
3.0980692607313736 1.0 4.0 1.0 76
2.273572466827551 1.0 4.0 1.0 14
1.5484914133473429 1.0 4.0 1.0 83
2.7678770464215505 1.0 4.0 1.0 85
1.7444611417409954 1.0 4.0 1.0 95
2.25761295286487 1.0 4.0 1.0 33
4.491085047907068 1.0 5.0 1.0 97
0.0 1.8833792658685293 0.0 2.0 101
4.0 1.3548444443578203 4.0 2.0 102
2.663258980026776 1.0 4.0 1.0 105
0.0 1.333811748731543 0.0 2.0 106
2.3489539953555667 1.0 0.0 1.0 107
3.2651188216743017 1.0 0.0 1.0 108
0.611027452858947 1.0 4.0 1.0 110
0.0 0.777119287813818 0.0 1.0 112
3.6933571288804306 1.0 4.0 1.0 49
0.0 0.019535755347771078 0.0 0.0 113
4.0 1.0568669851778314 4.0 2.0 114
4.956763053756596 1.0 5.0 1.0 115
0.0 0.7587015235786454 0.0 1.0 117
0.0 1.8444079099485062 0.0 2.0 55
4.0 0.6115082364073127 4.0 1.0 119
2.1548556910093235 1.0 4.0 1.0 56
0.0 0.36091063943869917 0.0 1.0 121
0.3239047599356923 1.0 4.0 1.0 123
0.0 0.44501724502357654 0.0 1.0 124
4.0 0.38211998706108397 4.0 1.0 125
4.334705936075309 1.0 5.0 1.0 126
0.0 0.758217554021849 0.0 0.0 63
*** t = 69
0.0 0.2977488852430036 0.0 1.0 128
3.8974956453435645 1.0 0.0 1.0 129
4.0 0.1219760048767849 4.0 1.0 130
3.2393819938600417 1.0 4.0 1.0 76
2.374759119518318 1.0 4.0 1.0 14
1.6504310698812366 1.0 4.0 1.0 83
2.888219526700748 1.0 4.0 1.0 85
1.8413756496154952 1.0 4.0 1.0 95
2.3779516634968867 1.0 4.0 1.0 33
4.573923106124127 1.0 5.0 1.0 97
4.0 1.4451674073150083 4.0 2.0 102
2.868125055413451 1.0 4.0 1.0 105
0.0 1.4364126524801233 0.0 2.0 106
2.211366828301864 1.0 0.0 1.0 107
3.1205453901471603 1.0 0.0 1.0 108
0.7574844940279422 1.0 4.0 1.0 110
0.0 0.8634658753486867 0.0 1.0 112
3.779249155133464 1.0 4.0 1.0 49
4.0 1.1742966501975904 4.0 2.0 114
0.0 0.8670874555184519 0.0 1.0 117
0.0 1.9655181076972188 0.0 2.0 55
4.0 0.7134262758085315 4.0 1.0 119
2.2357494266762292 1.0 4.0 1.0 56
0.0 0.433092767326439 0.0 1.0 121
0.4318730132475897 1.0 4.0 1.0 123
0.0 0.593356326698102 0.0 1.0 124
4.0 0.5094933160814453 4.0 1.0 125
4.502058904112964 1.0 5.0 1.0 126
0.0 0.6126124860780114 0.0 0.0 63
*** t = 70
0.0 0.44662332786450537 0.0 1.0 128
3.794991290687129 1.0 0.0 1.0 129
4.0 0.2439520097535698 4.0 1.0 130
0.0 0.08123771387742929 0.0 1.0 132
3.3806947269887098 1.0 4.0 1.0 76
2.475945772209085 1.0 4.0 1.0 14
1.7523707264151303 1.0 4.0 1.0 83
3.008562006979946 1.0 4.0 1.0 85
1.938290157489995 1.0 4.0 1.0 95
2.4982903741289033 1.0 4.0 1.0 33
4.656761164341186 1.0 5.0 1.0 97
4.0 1.5354903702721963 4.0 2.0 102
3.0729911308001263 1.0 4.0 1.0 105
0.0 1.5390135562287035 0.0 2.0 106
2.073779661248161 1.0 0.0 1.0 107
2.975971958620019 1.0 0.0 1.0 108
0.9039415351969373 1.0 4.0 1.0 110
0.0 0.9498124628835554 0.0 1.0 112
3.8651411813864973 1.0 4.0 1.0 49
4.0 1.2917263152173495 4.0 2.0 114
0.0 0.9754733874582584 0.0 1.0 117
4.0 0.8153443152097503 4.0 1.0 119
2.316643162343135 1.0 4.0 1.0 56
0.0 0.5052748952141788 0.0 1.0 121
0.5398412665594872 1.0 4.0 1.0 123
0.0 0.7416954083726275 0.0 1.0 124
4.0 0.6368666451018067 4.0 1.0 125
4.669411872150619 1.0 5.0 1.0 126
0.0 0.4670074181341739 0.0 0.0 63
*** t = 71
0.0 0.5954977704860072 0.0 1.0 128
3.6924869360306936 1.0 0.0 1.0 129
4.0 0.3659280146303547 4.0 1.0 130
0.0 0.16247542775485857 0.0 1.0 132
0.0 0.9248857082384757 0.0 0.0 133
3.522007460117378 1.0 4.0 1.0 76
2.577132424899852 1.0 4.0 1.0 14
1.854310382949024 1.0 4.0 1.0 83
3.1289044872591436 1.0 4.0 1.0 85
2.035204665364495 1.0 4.0 1.0 95
2.61862908476092 1.0 4.0 1.0 33
4.739599222558246 1.0 5.0 1.0 97
4.0 1.6258133332293843 4.0 2.0 102
3.2778572061868014 1.0 4.0 1.0 105
0.0 1.6416144599772837 0.0 2.0 106
1.9361924941944584 1.0 0.0 1.0 107
2.8313985270928774 1.0 0.0 1.0 108
1.0503985763659325 1.0 4.0 1.0 110
0.0 1.036159050418424 0.0 2.0 112
3.9510332076395307 1.0 4.0 1.0 49
4.0 1.4091559802371085 4.0 2.0 114
0.08385931939806489 1.0 4.0 1.0 117
4.0 0.917262354610969 4.0 1.0 119
2.3975368980100407 1.0 4.0 1.0 56
0.0 0.5774570231019186 0.0 1.0 121
0.6478095198713846 1.0 4.0 1.0 123
0.0 0.890034490047153 0.0 1.0 124
4.0 0.764239974122168 4.0 1.0 125
4.836764840188273 1.0 5.0 1.0 126
0.0 0.32140235019033636 0.0 0.0 63
*** t = 72
0.0 0.744372213107509 0.0 1.0 128
3.589982581374258 1.0 0.0 1.0 129
4.0 0.4879040195071396 4.0 1.0 130
0.0 0.24371314163228786 0.0 1.0 132
0.0 0.8497714164769514 0.0 0.0 133
0.0 0.17026510294841601 0.0 1.0 135
4.0 0.12613821515631804 4.0 1.0 136
3.663320193246046 1.0 4.0 1.0 76
2.678319077590619 1.0 4.0 1.0 14
1.9562500394829176 1.0 4.0 1.0 83
3.2492469675383413 1.0 4.0 1.0 85
2.1321191732389946 1.0 4.0 1.0 95
2.7389677953929366 1.0 4.0 1.0 33
4.822437280775305 1.0 5.0 1.0 97
4.0 1.7161362961865723 4.0 2.0 102
3.4827232815734765 1.0 4.0 1.0 105
0.0 1.744215363725864 0.0 2.0 106
1.7986053271407556 1.0 0.0 1.0 107
2.686825095565736 1.0 0.0 1.0 108
1.1968556175349276 1.0 4.0 1.0 110
0.0 1.1225056379532925 0.0 2.0 112
4.0 1.5265856452568676 4.0 2.0 114
0.19224525133787138 1.0 4.0 1.0 117
4.019180394012188 1.0 5.0 1.0 119
2.4784306336769464 1.0 4.0 1.0 56
0.0 0.6496391509896584 0.0 1.0 121
0.755777773183282 1.0 4.0 1.0 123
0.0 0.9616264282783216 0.0 0.0 124
4.0 0.8916133031425294 4.0 1.0 125
0.0 0.1757972822464988 0.0 0.0 63
*** t = 73
0.0 0.8932466557290109 0.0 1.0 128
3.4874782267178226 1.0 0.0 1.0 129
4.0 0.6098800243839244 4.0 1.0 130
0.0 0.32495085550971714 0.0 1.0 132
0.0 0.7746571247154271 0.0 0.0 133
0.0 0.34053020589683203 0.0 1.0 135
4.0 0.2522764303126361 4.0 1.0 136
4.0 1.1156502078165815 4.0 2.0 137
4.0 1.1330338107327338 4.0 2.0 138
3.804632926374714 1.0 4.0 1.0 76
2.779505730281386 1.0 4.0 1.0 14
2.0581896960168113 1.0 4.0 1.0 83
3.369589447817539 1.0 4.0 1.0 85
2.2290336811134943 1.0 4.0 1.0 95
2.859306506024953 1.0 4.0 1.0 33
4.9052753389923645 1.0 5.0 1.0 97
4.0 1.8064592591437603 4.0 2.0 102
3.6875893569601517 1.0 4.0 1.0 105
0.0 1.8468162674744442 0.0 2.0 106
1.6610181600870528 1.0 0.0 1.0 107
2.5422516640385946 1.0 0.0 1.0 108
1.3433126587039228 1.0 4.0 1.0 110
0.0 1.208852225488161 0.0 2.0 112
4.0 1.6440153102766266 4.0 2.0 114
0.30063118327767785 1.0 4.0 1.0 117
4.121098433413406 1.0 5.0 1.0 119
2.559324369343852 1.0 4.0 1.0 56
0.0 0.7218212788773982 0.0 1.0 121
0.8637460264951794 1.0 4.0 1.0 123
0.0 0.8132873466037961 0.0 0.0 124
0.0 0.030192214302661224 0.0 0.0 63
*** t = 74
0.0 0.9578789016494873 0.0 0.0 128
3.384973872061387 1.0 0.0 1.0 129
4.0 0.7318560292607093 4.0 1.0 130
0.0 0.4061885693871464 0.0 1.0 132
0.0 0.6995428329539028 0.0 0.0 133
0.0 0.510795308845248 0.0 1.0 135
4.0 0.3784146454689541 4.0 1.0 136
4.0 1.231300415633163 4.0 2.0 137
4.0 1.2660676214654676 4.0 2.0 138
0.0 0.09572542356228261 0.0 1.0 139
3.945945659503382 1.0 4.0 1.0 76
2.880692382972153 1.0 4.0 1.0 14
2.160129352550705 1.0 4.0 1.0 83
3.4899319280967367 1.0 4.0 1.0 85
2.325948188987994 1.0 4.0 1.0 95
2.97964521665697 1.0 4.0 1.0 33
4.988113397209424 1.0 5.0 1.0 97
4.0 1.8967822221009483 4.0 2.0 102
3.892455432346827 1.0 4.0 1.0 105
0.0 1.9494171712230244 0.0 2.0 106
1.52343099303335 1.0 0.0 1.0 107
2.397678232511453 1.0 0.0 1.0 108
1.489769699872918 1.0 4.0 1.0 110
0.0 1.2951988130230296 0.0 2.0 112
4.0 1.7614449752963857 4.0 2.0 114
0.40901711521748435 1.0 4.0 1.0 117
4.223016472814625 1.0 5.0 1.0 119
2.640218105010758 1.0 4.0 1.0 56
0.0 0.794003406765138 0.0 1.0 121
0.9717142798070768 1.0 4.0 1.0 123
0.0 0.6649482649292706 0.0 0.0 124
*** t = 75
0.0 0.8090044590279855 0.0 0.0 128
3.2824695174049516 1.0 0.0 1.0 129
4.0 0.8538320341374941 4.0 1.0 130
0.0 0.4874262832645757 0.0 1.0 132
0.0 0.6244285411923786 0.0 0.0 133
0.0 0.6810604117936641 0.0 1.0 135
4.0 0.5045528606252722 4.0 1.0 136
4.0 1.3469506234497446 4.0 2.0 137
4.0 1.3991014321982014 4.0 2.0 138
0.0 0.19145084712456523 0.0 1.0 139
3.9127416073679497 1.0 0.0 1.0 76
2.98187903566292 1.0 4.0 1.0 14
4.0 0.12164496868596891 4.0 1.0 142
2.2620690090845987 1.0 4.0 1.0 83
3.6102744083759344 1.0 4.0 1.0 85
2.422862696862494 1.0 4.0 1.0 95
3.0999839272889864 1.0 4.0 1.0 33
4.0 1.9871051850581363 4.0 2.0 102
1.3858438259796473 1.0 0.0 1.0 107
2.2531048009843118 1.0 0.0 1.0 108
1.6362267410419131 1.0 4.0 1.0 110
0.0 1.3815454005578982 0.0 2.0 112
4.0 1.8788746403161447 4.0 2.0 114
0.5174030471572908 1.0 4.0 1.0 117
4.324934512215844 1.0 5.0 1.0 119
2.7211118406776635 1.0 4.0 1.0 56
0.0 0.8661855346528778 0.0 1.0 121
1.0796825331189743 1.0 4.0 1.0 123
0.0 0.5166091832547451 0.0 0.0 124
*** t = 76
0.0 0.6601300164064836 0.0 0.0 128
3.179965162748516 1.0 0.0 1.0 129
4.0 0.9758080390142789 4.0 1.0 130
0.0 0.568663997142005 0.0 1.0 132
0.0 0.5493142494308543 0.0 0.0 133
0.0 0.8513255147420801 0.0 1.0 135
4.0 0.6306910757815902 4.0 1.0 136
4.0 1.4626008312663261 4.0 2.0 137
4.0 1.5321352429309352 4.0 2.0 138
0.0 0.2871762706868478 0.0 1.0 139
3.7714288742392816 1.0 0.0 1.0 76
0.0 1.1412689205368531 0.0 2.0 141
3.083065688353687 1.0 4.0 1.0 14
4.0 0.24328993737193783 4.0 1.0 142
4.127596601381763 1.0 5.0 1.0 143
0.0 0.11673107348465452 0.0 1.0 144
2.3640086656184924 1.0 4.0 1.0 83
3.730616888655132 1.0 4.0 1.0 85
2.5197772047369935 1.0 4.0 1.0 95
3.220322637921003 1.0 4.0 1.0 33
1.2482566589259445 1.0 0.0 1.0 107
2.1085313694571703 1.0 0.0 1.0 108
1.7826837822109083 1.0 4.0 1.0 110
0.0 1.4678919880927668 0.0 2.0 112
4.0 1.9963043053359038 4.0 2.0 114
0.6257889790970973 1.0 4.0 1.0 117
4.4268525516170625 1.0 5.0 1.0 119
2.8020055763445693 1.0 4.0 1.0 56
0.0 0.9383676625406177 0.0 1.0 121
1.1876507864308719 1.0 4.0 1.0 123
0.0 0.36827010158021967 0.0 0.0 124
*** t = 77
0.0 0.5112555737849818 0.0 0.0 128
3.0774608080920807 1.0 0.0 1.0 129
4.0 1.0977840438910638 4.0 2.0 130
0.0 0.6499017110194343 0.0 1.0 132
0.0 0.47419995766933 0.0 0.0 133
0.021590617690496083 1.0 4.0 1.0 135
4.0 0.7568292909379083 4.0 1.0 136
4.0 1.5782510390829076 4.0 2.0 137
4.0 1.665169053663669 4.0 2.0 138
0.0 0.38290169424913045 0.0 1.0 139
3.6301161411106135 1.0 0.0 1.0 76
0.0 1.2825378410737063 0.0 2.0 141
3.184252341044454 1.0 4.0 1.0 14
4.0 0.36493490605790674 4.0 1.0 142
4.255193202763525 1.0 5.0 1.0 143
0.0 0.23346214696930903 0.0 1.0 144
4.0 1.1349279430895203 4.0 2.0 145
2.465948322152386 1.0 4.0 1.0 83
3.8509593689343298 1.0 4.0 1.0 85
2.6166917126114932 1.0 4.0 1.0 95
3.3406613485530197 1.0 4.0 1.0 33
1.1106694918722417 1.0 0.0 1.0 107
1.9639579379300287 1.0 0.0 1.0 108
1.9291408233799034 1.0 4.0 1.0 110
0.0 1.5542385756276353 0.0 2.0 112
0.7341749110369038 1.0 4.0 1.0 117
4.528770591018281 1.0 5.0 1.0 119
2.882899312011475 1.0 4.0 1.0 56
0.0 1.0105497904283576 0.0 2.0 121
1.2956190397427694 1.0 4.0 1.0 123
0.0 0.21993101990569416 0.0 0.0 124
*** t = 78
0.0 0.36238113116348 0.0 0.0 128
2.974956453435645 1.0 0.0 1.0 129
4.0 1.2197600487678486 4.0 2.0 130
0.0 0.7311394248968636 0.0 1.0 132
0.0 0.3990856659078057 0.0 0.0 133
0.1918557206389121 1.0 4.0 1.0 135
4.0 0.8829675060942264 4.0 1.0 136
4.0 1.6939012468994892 4.0 2.0 137
4.0 1.7982028643964028 4.0 2.0 138
0.0 0.4786271178114131 0.0 1.0 139
3.4888034079819454 1.0 0.0 1.0 76
0.0 1.4238067616105594 0.0 2.0 141
3.285438993735221 1.0 4.0 1.0 14
4.0 0.48657987474387565 4.0 1.0 142
4.382789804145288 1.0 5.0 1.0 143
0.0 0.35019322045396356 0.0 1.0 144
4.0 1.2698558861790405 4.0 2.0 145
0.0 0.11027163250668057 0.0 1.0 146
2.56788797868628 1.0 4.0 1.0 83
4.0 0.12761146259445677 4.0 1.0 147
3.9713018492135275 1.0 4.0 1.0 85
2.713606220485993 1.0 4.0 1.0 95
3.4610000591850363 1.0 4.0 1.0 33
0.9730823248185391 1.0 0.0 1.0 107
1.819384506402887 1.0 0.0 1.0 108
2.075597864548899 1.0 4.0 1.0 110
0.0 1.640585163162504 0.0 2.0 112
0.8425608429767103 1.0 4.0 1.0 117
4.6306886304195 1.0 5.0 1.0 119
2.9637930476783807 1.0 4.0 1.0 56
0.0 1.0827319183160975 0.0 2.0 121
1.403587293054667 1.0 4.0 1.0 123
0.0 0.07159193823116866 0.0 0.0 124
*** t = 79
0.0 0.21350668854197818 0.0 0.0 128
2.8724520987792097 1.0 0.0 1.0 129
4.0 1.3417360536446334 4.0 2.0 130
0.0 0.8123771387742929 0.0 1.0 132
0.0 0.3239713741462814 0.0 0.0 133
0.3621208235873281 1.0 4.0 1.0 135
3.9908942787494555 1.0 0.0 1.0 136
4.0 1.8095514547160707 4.0 2.0 137
4.0 1.9312366751291365 4.0 2.0 138
0.0 0.5743525413736957 0.0 1.0 139
3.3474906748532773 1.0 0.0 1.0 76
0.0 1.5650756821474126 0.0 2.0 141
3.386625646425988 1.0 4.0 1.0 14
4.0 0.6082248434298445 4.0 1.0 142
4.510386405527051 1.0 5.0 1.0 143
0.0 0.46692429393861806 0.0 1.0 144
4.0 1.4047838292685608 4.0 2.0 145
0.0 0.22054326501336113 0.0 1.0 146
2.6698276352201735 1.0 4.0 1.0 83
4.0 0.25522292518891354 4.0 1.0 147
4.114214042468409 1.0 5.0 1.0 148
3.908355670507275 1.0 0.0 1.0 85
4.0 1.184170339267436 4.0 2.0 149
2.8105207283604927 1.0 4.0 1.0 95
3.581338769817053 1.0 4.0 1.0 33
0.8354951577648364 1.0 0.0 1.0 107
1.6748110748757454 1.0 0.0 1.0 108
2.222054905717894 1.0 4.0 1.0 110
0.0 1.7269317506973725 0.0 2.0 112
0.9509467749165168 1.0 4.0 1.0 117
4.7326066698207185 1.0 5.0 1.0 119
3.0446867833452864 1.0 4.0 1.0 56
0.0 1.1549140462038374 0.0 2.0 121
1.5115555463665644 1.0 4.0 1.0 123
*** t = 80
0.0 0.0646322459204764 0.0 0.0 128
2.7699477441227742 1.0 0.0 1.0 129
4.0 1.4637120585214183 4.0 2.0 130
0.0 0.8936148526517221 0.0 1.0 132
0.0 0.24885708238475712 0.0 0.0 133
0.5323859265357441 1.0 4.0 1.0 135
3.8647560635931373 1.0 0.0 1.0 136
4.0 1.9252016625326522 4.0 2.0 137
0.0 0.6700779649359784 0.0 1.0 139
3.2061779417246092 1.0 0.0 1.0 76
0.0 1.7063446026842657 0.0 2.0 141
3.487812299116755 1.0 4.0 1.0 14
4.0 0.7298698121158134 4.0 1.0 142
4.637983006908813 1.0 5.0 1.0 143
0.0 0.5836553674232726 0.0 1.0 144
4.0 1.539711772358081 4.0 2.0 145
0.0 0.3308148975200417 0.0 1.0 146
2.771767291754067 1.0 4.0 1.0 83
4.0 0.3828343877833703 4.0 1.0 147
4.228428084936818 1.0 5.0 1.0 148
3.788013190228077 1.0 0.0 1.0 85
4.0 1.3683406785348722 4.0 2.0 149
0.0 0.20123714073693538 0.0 1.0 150
2.9074352362349924 1.0 4.0 1.0 95
3.7016774804490695 1.0 4.0 1.0 33
0.6979079907111337 1.0 0.0 1.0 107
1.5302376433486038 1.0 0.0 1.0 108
2.368511946886889 1.0 4.0 1.0 110
0.0 1.813278338232241 0.0 2.0 112
1.0593327068563232 1.0 4.0 1.0 117
4.834524709221937 1.0 5.0 1.0 119
3.125580519012192 1.0 4.0 1.0 56
0.0 1.2270961740915773 0.0 2.0 121
1.619523799678462 1.0 4.0 1.0 123
*** t = 81
2.6674433894663387 1.0 0.0 1.0 129
4.0 1.5856880633982031 4.0 2.0 130
0.0 0.9748525665291514 0.0 1.0 132
0.0 0.17374279062323283 0.0 0.0 133
0.7026510294841601 1.0 4.0 1.0 135
3.738617848436819 1.0 0.0 1.0 136
0.0 0.765803388498261 0.0 1.0 139
3.064865208595941 1.0 0.0 1.0 76
0.0 1.8476135232211188 0.0 2.0 141
3.588998951807522 1.0 4.0 1.0 14
4.0 0.8515147808017822 4.0 1.0 142
4.765579608290576 1.0 5.0 1.0 143
0.0 0.7003864409079271 0.0 1.0 144
4.0 1.6746397154476014 4.0 2.0 145
0.0 0.44108653002672227 0.0 1.0 146
2.873706948287961 1.0 4.0 1.0 83
4.0 0.5104458503778271 4.0 1.0 147
4.3426421274052265 1.0 5.0 1.0 148
3.6676707099488794 1.0 0.0 1.0 85
4.0 1.5525110178023083 4.0 2.0 149
0.0 0.40247428147387077 0.0 1.0 150
0.0 1.1315062362852057 0.0 2.0 151
4.0 1.0945884852979073 4.0 2.0 152
4.0 0.10391299713563767 4.0 1.0 153
3.004349744109492 1.0 4.0 1.0 95
3.822016191081086 1.0 4.0 1.0 33
0.5603208236574311 1.0 0.0 1.0 107
1.3856642118214622 1.0 0.0 1.0 108
2.5149689880558843 1.0 4.0 1.0 110
0.0 1.8996249257671096 0.0 2.0 112
1.1677186387961296 1.0 4.0 1.0 117
4.936442748623156 1.0 5.0 1.0 119
3.206474254679098 1.0 4.0 1.0 56
0.0 1.2992783019793173 0.0 2.0 121
1.7274920529903595 1.0 4.0 1.0 123
*** t = 82
2.5649390348099033 1.0 0.0 1.0 129
4.0 1.707664068274988 4.0 2.0 130
0.0 0.9439097195934193 0.0 0.0 132
0.0 0.09862849886170855 0.0 0.0 133
0.8729161324325762 1.0 4.0 1.0 135
3.612479633280501 1.0 0.0 1.0 136
0.0 0.8615288120605437 0.0 1.0 139
2.923552475467273 1.0 0.0 1.0 76
0.0 1.988882443757972 0.0 2.0 141
3.690185604498289 1.0 4.0 1.0 14
4.0 0.9731597494877511 4.0 1.0 142
4.893176209672339 1.0 5.0 1.0 143
0.0 0.8171175143925816 0.0 1.0 144
4.0 1.8095676585371216 4.0 2.0 145
0.0 0.5513581625334029 0.0 1.0 146
2.9756466048218546 1.0 4.0 1.0 83
4.0 0.6380573129722839 4.0 1.0 147
4.456856169873635 1.0 5.0 1.0 148
3.5473282296696818 1.0 0.0 1.0 85
4.0 1.7366813570697444 4.0 2.0 149
0.0 0.6037114222108062 0.0 1.0 150
0.0 1.2630124725704115 0.0 2.0 151
4.0 1.1891769705958146 4.0 2.0 152
4.0 0.20782599427127535 4.0 1.0 153
4.0 1.1278590866117968 4.0 2.0 154
0.0 0.12049728634996458 0.0 1.0 155
3.101264251983992 1.0 4.0 1.0 95
3.9423549017131028 1.0 4.0 1.0 33
0.4227336566037284 1.0 0.0 1.0 107
1.2410907802943205 1.0 0.0 1.0 108
2.6614260292248795 1.0 4.0 1.0 110
0.0 1.9859715133019782 0.0 2.0 112
1.276104570735936 1.0 4.0 1.0 117
3.2873679903460036 1.0 4.0 1.0 56
0.0 1.3714604298670572 0.0 2.0 121
1.835460306302257 1.0 4.0 1.0 123
*** t = 83
2.462434680153468 1.0 0.0 1.0 129
4.0 1.8296400731517728 4.0 2.0 130
0.0 0.86267200571599 0.0 0.0 132
0.0 0.02351420710018426 0.0 0.0 133
1.0431812353809922 1.0 4.0 1.0 135
3.4863414181241827 1.0 0.0 1.0 136
0.0 0.9572542356228263 0.0 1.0 139
2.782239742338605 1.0 0.0 1.0 76
3.791372257189056 1.0 4.0 1.0 14
4.09480471817372 1.0 5.0 1.0 142
0.0 0.9338485878772361 0.0 1.0 144
4.0 1.944495601626642 4.0 2.0 145
0.0 0.6616297950400835 0.0 1.0 146
3.0775862613557483 1.0 4.0 1.0 83
4.0 0.7656687755667406 4.0 1.0 147
4.571070212342044 1.0 5.0 1.0 148
3.426985749390484 1.0 0.0 1.0 85
4.0 1.9208516963371804 4.0 2.0 149
0.0 0.8049485629477415 0.0 1.0 150
0.0 1.3945187088556172 0.0 2.0 151
4.0 1.283765455893722 4.0 2.0 152
4.0 0.311738991406913 4.0 1.0 153
4.0 1.2557181732235936 4.0 2.0 154
0.0 0.24099457269992916 0.0 1.0 155
3.1981787598584916 1.0 4.0 1.0 95
4.06269361234512 1.0 5.0 1.0 33
0.28514648955002575 1.0 0.0 1.0 107
1.0965173487671789 1.0 0.0 1.0 108
2.8078830703938746 1.0 4.0 1.0 110
1.3844905026757424 1.0 4.0 1.0 117
3.3682617260129093 1.0 4.0 1.0 56
0.0 1.443642557754797 0.0 2.0 121
1.9434285596141545 1.0 4.0 1.0 123
*** t = 84
2.3599303254970323 1.0 0.0 1.0 129
4.0 1.9516160780285576 4.0 2.0 130
0.0 0.7814342918385607 0.0 0.0 132
1.2134463383294083 1.0 4.0 1.0 135
3.3602032029678646 1.0 0.0 1.0 136
0.0 1.0529796591851088 0.0 2.0 139
2.640927009209937 1.0 0.0 1.0 76
3.892558909879823 1.0 4.0 1.0 14
4.216449686859689 1.0 5.0 1.0 142
0.0 0.9494203386381094 0.0 0.0 144
0.0 0.771901427546764 0.0 1.0 146
3.179525917889642 1.0 4.0 1.0 83
4.0 0.8932802381611974 4.0 1.0 147
4.685284254810453 1.0 5.0 1.0 148
3.3066432691112864 1.0 0.0 1.0 85
0.0 1.0061857036846769 0.0 2.0 150
0.0 1.526024945140823 0.0 2.0 151
4.0 1.3783539411916292 4.0 2.0 152
4.0 0.4156519885425507 4.0 1.0 153
4.0 1.3835772598353904 4.0 2.0 154
0.0 0.3614918590498937 0.0 1.0 155
0.0 0.0879297350988961 0.0 1.0 157
4.0 0.11362615876495392 4.0 1.0 158
3.2950932677329914 1.0 4.0 1.0 95
4.1830323229771365 1.0 5.0 1.0 33
0.14755932249632306 1.0 0.0 1.0 107
0.9519439172400372 1.0 0.0 1.0 108
2.95434011156287 1.0 4.0 1.0 110
1.4928764346155488 1.0 4.0 1.0 117
3.449155461679815 1.0 4.0 1.0 56
0.0 1.515824685642537 0.0 2.0 121
2.051396812926052 1.0 4.0 1.0 123
*** t = 85
2.257425970840597 1.0 0.0 1.0 129
0.0 0.7001965779611314 0.0 0.0 132
1.3837114412778244 1.0 4.0 1.0 135
3.2340649878115464 1.0 0.0 1.0 136
0.0 1.1487050827473915 0.0 2.0 139
2.4996142760812687 1.0 0.0 1.0 76
3.9937455625705898 1.0 4.0 1.0 14
4.338094655545658 1.0 5.0 1.0 142
0.0 0.8326892651534549 0.0 0.0 144
0.0 0.8821730600534446 0.0 1.0 146
3.2814655744235357 1.0 4.0 1.0 83
4.020891700755654 1.0 5.0 1.0 147
4.799498297278862 1.0 5.0 1.0 148
3.1863007888320887 1.0 0.0 1.0 85
0.0 1.2074228444216122 0.0 2.0 150
0.0 1.6575311814260287 0.0 2.0 151
4.0 1.4729424264895365 4.0 2.0 152
4.0 0.5195649856781883 4.0 1.0 153
4.0 1.5114363464471872 4.0 2.0 154
0.0 0.4819891453998583 0.0 1.0 155
0.0 0.1758594701977922 0.0 1.0 157
4.0 0.22725231752990785 4.0 1.0 158
3.392007775607491 1.0 4.0 1.0 95
4.0 1.1588952866500462 4.0 2.0 159
4.115813949354683 1.0 5.0 1.0 160
4.303371033609153 1.0 5.0 1.0 33
0.009972155442620367 1.0 0.0 1.0 107
0.8073704857128956 1.0 0.0 1.0 108
3.100797152731865 1.0 4.0 1.0 110
1.6012623665553551 1.0 4.0 1.0 117
3.5300491973467207 1.0 4.0 1.0 56
0.0 1.588006813530277 0.0 2.0 121
2.159365066237949 1.0 4.0 1.0 123
*** t = 86
2.1549216161841613 1.0 0.0 1.0 129
0.0 0.6189588640837022 0.0 0.0 132
1.5539765442262405 1.0 4.0 1.0 135
3.107926772655228 1.0 0.0 1.0 136
0.0 1.2444305063096741 0.0 2.0 139
2.3583015429526006 1.0 0.0 1.0 76
3.9050677847386432 1.0 0.0 1.0 14
4.459739624231626 1.0 5.0 1.0 142
0.0 0.7159581916688004 0.0 0.0 144
0.0 0.9924446925601252 0.0 1.0 146
3.3834052309574294 1.0 4.0 1.0 83
4.148503163350111 1.0 5.0 1.0 147
4.913712339747271 1.0 5.0 1.0 148
3.065958308552891 1.0 0.0 1.0 85
0.0 1.4086599851585475 0.0 2.0 150
0.0 1.7890374177112345 0.0 2.0 151
4.0 1.5675309117874439 4.0 2.0 152
4.0 0.6234779828138259 4.0 1.0 153
4.0 1.639295433058984 4.0 2.0 154
0.0 0.6024864317498229 0.0 1.0 155
0.0 0.26378920529668826 0.0 1.0 157
4.0 0.3408784762948618 4.0 1.0 158
3.488922283481991 1.0 4.0 1.0 95
4.0 1.3177905733000923 4.0 2.0 159
4.231627898709366 1.0 5.0 1.0 160
4.42370974424117 1.0 5.0 1.0 33
0.08605418967390867 1.0 4.0 1.0 161
0.0 0.12308740204761129 0.0 1.0 162
0.0 0.8723849883889176 0.0 0.0 107
0.662797054185754 1.0 0.0 1.0 108
3.24725419390086 1.0 4.0 1.0 110
1.7096482984951615 1.0 4.0 1.0 117
3.6109429330136265 1.0 4.0 1.0 56
0.0 1.6601889414180169 0.0 2.0 121
2.2673333195498464 1.0 4.0 1.0 123
*** t = 87
2.052417261527726 1.0 0.0 1.0 129
0.0 0.5377211502062729 0.0 0.0 132
1.7242416471746567 1.0 4.0 1.0 135
2.98178855749891 1.0 0.0 1.0 136
0.0 1.3401559298719568 0.0 2.0 139
2.2169888098239325 1.0 0.0 1.0 76
3.8038811320478763 1.0 0.0 1.0 14
4.581384592917595 1.0 5.0 1.0 142
0.0 0.5992271181841459 0.0 0.0 144
0.10271632506680581 1.0 4.0 1.0 146
3.485344887491323 1.0 4.0 1.0 83
4.276114625944568 1.0 5.0 1.0 147
2.9456158282736933 1.0 0.0 1.0 85
0.0 1.6098971258954828 0.0 2.0 150
0.0 1.9205436539964402 0.0 2.0 151
4.0 1.6621193970853512 4.0 2.0 152
4.0 0.7273909799494636 4.0 1.0 153
4.0 1.7671545196707807 4.0 2.0 154
0.0 0.7229837180997875 0.0 1.0 155
0.0 0.3517189403955844 0.0 1.0 157
4.0 0.4545046350598157 4.0 1.0 158
3.5858367913564906 1.0 4.0 1.0 95
4.0 1.4766858599501385 4.0 2.0 159
4.347441848064049 1.0 5.0 1.0 160
4.544048454873186 1.0 5.0 1.0 33
0.17210837934781734 1.0 4.0 1.0 161
0.0 0.24617480409522258 0.0 1.0 162
4.0 0.11971749565179478 4.0 1.0 164
0.0 0.734797821335215 0.0 0.0 107
0.5182236226586123 1.0 0.0 1.0 108
3.3937112350698553 1.0 4.0 1.0 110
1.818034230434968 1.0 4.0 1.0 117
3.691836668680532 1.0 4.0 1.0 56
0.0 1.7323710693057568 0.0 2.0 121
2.3753015728617437 1.0 4.0 1.0 123
*** t = 88
1.9499129068712904 1.0 0.0 1.0 129
0.0 0.4564834363288436 0.0 0.0 132
1.8945067501230728 1.0 4.0 1.0 135
2.855650342342592 1.0 0.0 1.0 136
0.0 1.4358813534342394 0.0 2.0 139
2.0756760766952644 1.0 0.0 1.0 76
3.7026944793571093 1.0 0.0 1.0 14
4.703029561603564 1.0 5.0 1.0 142
0.0 0.48249604469949137 0.0 0.0 144
0.21298795757348638 1.0 4.0 1.0 146
3.587284544025217 1.0 4.0 1.0 83
4.403726088539025 1.0 5.0 1.0 147
2.8252733479944956 1.0 0.0 1.0 85
0.0 1.8111342666324182 0.0 2.0 150
4.0 1.7567078823832585 4.0 2.0 152
4.0 0.8313039770851012 4.0 1.0 153
4.0 1.8950136062825775 4.0 2.0 154
0.0 0.843481004449752 0.0 1.0 155
0.0 0.4396486754944805 0.0 1.0 157
4.0 0.5681307938247696 4.0 1.0 158
3.6827512992309903 1.0 4.0 1.0 95
4.0 1.6355811466001846 4.0 2.0 159
4.463255797418732 1.0 5.0 1.0 160
4.664387165505203 1.0 5.0 1.0 33
0.258162569021726 1.0 4.0 1.0 161
0.0 0.3692622061428339 0.0 1.0 162
4.0 0.23943499130358956 4.0 1.0 164
4.0 1.1334726544321818 4.0 2.0 165
0.0 0.14139627341372976 0.0 1.0 166
0.0 0.5972106542815123 0.0 0.0 107
0.37365019113147074 1.0 0.0 1.0 108
3.5401682762388504 1.0 4.0 1.0 110
1.9264201623747743 1.0 4.0 1.0 117
3.772730404347438 1.0 4.0 1.0 56
0.0 1.8045531971934967 0.0 2.0 121
2.483269826173641 1.0 4.0 1.0 123
*** t = 89
1.847408552214855 1.0 0.0 1.0 129
0.0 0.3752457224514143 0.0 0.0 132
2.064771853071489 1.0 4.0 1.0 135
2.7295121271862737 1.0 0.0 1.0 136
0.0 1.531606776996522 0.0 2.0 139
1.9343633435665963 1.0 0.0 1.0 76
3.6015078266663423 1.0 0.0 1.0 14
4.824674530289532 1.0 5.0 1.0 142
0.0 0.36576497121483686 0.0 0.0 144
0.3232595900801669 1.0 4.0 1.0 146
3.6892242005591105 1.0 4.0 1.0 83
4.531337551133482 1.0 5.0 1.0 147
2.704930867715298 1.0 0.0 1.0 85
4.0 1.8512963676811658 4.0 2.0 152
4.0 0.9352169742207388 4.0 1.0 153
0.0 0.9639782907997166 0.0 1.0 155
0.0 0.5275784105933766 0.0 1.0 157
4.0 0.6817569525897236 4.0 1.0 158
3.77966580710549 1.0 4.0 1.0 95
4.0 1.7944764332502308 4.0 2.0 159
4.579069746773415 1.0 5.0 1.0 160
4.78472587613722 1.0 5.0 1.0 33
0.3442167586956347 1.0 4.0 1.0 161
0.0 0.49234960819044515 0.0 1.0 162
4.0 0.3591524869553843 4.0 1.0 164
4.0 1.2669453088643636 4.0 2.0 165
0.0 0.2827925468274595 0.0 1.0 166
0.0 0.45962348722780966 0.0 0.0 107
0.22907675960432916 1.0 0.0 1.0 108
3.6866253174078456 1.0 4.0 1.0 110
2.0348060943145807 1.0 4.0 1.0 117
3.8536241400143436 1.0 4.0 1.0 56
0.0 1.8767353250812366 0.0 2.0 121
2.5912380794855383 1.0 4.0 1.0 123
*** t = 90
1.7449041975584194 1.0 0.0 1.0 129
0.0 0.294008008573985 0.0 0.0 132
2.235036956019905 1.0 4.0 1.0 135
2.6033739120299555 1.0 0.0 1.0 136
0.0 1.6273322005588047 0.0 2.0 139
1.7930506104379282 1.0 0.0 1.0 76
3.5003211739755753 1.0 0.0 1.0 14
4.946319498975501 1.0 5.0 1.0 142
0.0 0.24903389773018236 0.0 0.0 144
0.4335312225868475 1.0 4.0 1.0 146
3.791163857093004 1.0 4.0 1.0 83
4.658949013727939 1.0 5.0 1.0 147
2.5845883874361 1.0 0.0 1.0 85
4.0 1.945884852979073 4.0 2.0 152
3.9608700286436234 1.0 0.0 1.0 153
0.0 1.0844755771496812 0.0 2.0 155
0.0 0.6155081456922727 0.0 1.0 157
4.0 0.7953831113546775 4.0 1.0 158
3.87658031497999 1.0 4.0 1.0 95
4.0 1.953371719900277 4.0 2.0 159
4.694883696128098 1.0 5.0 1.0 160
4.905064586769236 1.0 5.0 1.0 33
0.4302709483695433 1.0 4.0 1.0 161
0.0 0.6154370102380564 0.0 1.0 162
4.0 0.4788699826071791 4.0 1.0 164
4.0 1.4004179632965454 4.0 2.0 165
0.0 0.4241888202411893 0.0 1.0 166
0.0 0.15835714407877824 0.0 1.0 168
4.0 0.09470331983564913 4.0 1.0 170
0.0 0.322036320174107 0.0 0.0 107
0.08450332807718758 1.0 0.0 1.0 108
3.8330823585768408 1.0 4.0 1.0 110
2.143192026254387 1.0 4.0 1.0 117
3.9345178756812493 1.0 4.0 1.0 56
0.0 1.9489174529689766 0.0 2.0 121
2.6992063327974356 1.0 4.0 1.0 123
*** t = 91
1.642399842901984 1.0 0.0 1.0 129
0.0 0.21277029469655573 0.0 0.0 132
2.405302058968321 1.0 4.0 1.0 135
2.4772356968736373 1.0 0.0 1.0 136
0.0 1.7230576241210873 0.0 2.0 139
1.6517378773092601 1.0 0.0 1.0 76
3.3991345212848083 1.0 0.0 1.0 14
0.0 0.13230282424552786 0.0 0.0 144
0.5438028550935281 1.0 4.0 1.0 146
3.893103513626898 1.0 4.0 1.0 83
4.7865604763223955 1.0 5.0 1.0 147
2.4642459071569025 1.0 0.0 1.0 85
3.8569570315079855 1.0 0.0 1.0 153
0.0 1.2049728634996457 0.0 2.0 155
0.0 0.7034378807911689 0.0 1.0 157
4.0 0.9090092701196315 4.0 1.0 158
3.9734948228544895 1.0 4.0 1.0 95
4.810697645482781 1.0 5.0 1.0 160
0.516325138043452 1.0 4.0 1.0 161
0.0 0.7385244122856677 0.0 1.0 162
4.0 0.5985874782589738 4.0 1.0 164
4.0 1.5338906177287273 4.0 2.0 165
0.0 0.565585093654919 0.0 1.0 166
0.0 0.3167142881575565 0.0 1.0 168
0.0 1.0879987124665131 0.0 2.0 169
4.0 0.18940663967129825 4.0 1.0 170
0.0 0.1844491531204043 0.0 0.0 107
4.149730694609138 1.0 5.0 1.0 171
0.0 0.939929896550046 0.0 0.0 108
3.979539399745836 1.0 4.0 1.0 110
2.2515779581941935 1.0 4.0 1.0 117
3.984588388651845 1.0 0.0 1.0 56
2.807174586109333 1.0 4.0 1.0 123
*** t = 92
1.5398954882455484 1.0 0.0 1.0 129
0.0 0.13153258081912644 0.0 0.0 132
2.5755671619167373 1.0 4.0 1.0 135
2.351097481717319 1.0 0.0 1.0 136
0.0 1.81878304768337 0.0 2.0 139
1.510425144180592 1.0 0.0 1.0 76
3.2979478685940413 1.0 0.0 1.0 14
0.0 0.015571750760873346 0.0 0.0 144
0.6540744876002087 1.0 4.0 1.0 146
3.9950431701607916 1.0 4.0 1.0 83
4.914171938916852 1.0 5.0 1.0 147
2.343903426877705 1.0 0.0 1.0 85
3.7530440343723477 1.0 0.0 1.0 153
0.0 1.3254701498496102 0.0 2.0 155
0.0 0.791367615890065 0.0 1.0 157
4.0 1.0226354288845854 4.0 2.0 158
4.926511594837464 1.0 5.0 1.0 160
0.6023793277173607 1.0 4.0 1.0 161
0.0 0.8616118143332789 0.0 1.0 162
4.0 0.7183049739107686 4.0 1.0 164
4.0 1.667363272160909 4.0 2.0 165
0.0 0.7069813670686488 0.0 1.0 166
0.0 0.47507143223633475 0.0 1.0 168
0.0 1.1759974249330263 0.0 2.0 169
4.0 0.2841099595069474 4.0 1.0 170
0.0 0.04686198606670161 0.0 0.0 107
4.299461389218276 1.0 5.0 1.0 171
0.0 0.7953564650229044 0.0 0.0 108
0.0 0.09346195662739214 0.0 1.0 173
3.874003559085169 1.0 0.0 1.0 110
2.359963890134 1.0 4.0 1.0 117
3.9036946529849392 1.0 0.0 1.0 56
2.91514283942123 1.0 4.0 1.0 123
*** t = 93
1.437391133589113 1.0 0.0 1.0 129
0.0 0.05029486694169716 0.0 0.0 132
2.7458322648651534 1.0 4.0 1.0 135
2.224959266561001 1.0 0.0 1.0 136
0.0 1.9145084712456526 0.0 2.0 139
1.369112411051924 1.0 0.0 1.0 76
3.1967612159032743 1.0 0.0 1.0 14
0.7643461201068893 1.0 4.0 1.0 146
2.223560946598507 1.0 0.0 1.0 85
3.64913103723671 1.0 0.0 1.0 153
0.0 1.4459674361995747 0.0 2.0 155
0.0 0.8792973509889611 0.0 1.0 157
4.0 1.1362615876495392 4.0 2.0 158
0.6884335173912693 1.0 4.0 1.0 161
0.0 0.9846992163808902 0.0 1.0 162
4.0 0.8380224695625634 4.0 1.0 164
4.0 1.8008359265930909 4.0 2.0 165
0.0 0.8483776404823785 0.0 1.0 166
0.0 0.633428576315113 0.0 1.0 168
0.0 1.2639961373995394 0.0 2.0 169
4.0 0.3788132793425965 4.0 1.0 170
4.449192083827414 1.0 5.0 1.0 171
0.0 0.6507830334957627 0.0 0.0 108
0.0 0.18692391325478427 0.0 1.0 173
3.7275465179161738 1.0 0.0 1.0 110
4.145110086074684 1.0 5.0 1.0 174
4.0 0.1523267288859023 4.0 1.0 175
2.4683498220738063 1.0 4.0 1.0 117
3.8228009173180335 1.0 0.0 1.0 56
3.0231110927331275 1.0 4.0 1.0 123
*** t = 94
1.3348867789326775 1.0 0.0 1.0 129
2.9160973678135695 1.0 4.0 1.0 135
2.098821051404683 1.0 0.0 1.0 136
1.2277996779232558 1.0 0.0 1.0 76
3.0955745632125073 1.0 0.0 1.0 14
0.8746177526135699 1.0 4.0 1.0 146
2.1032184663193094 1.0 0.0 1.0 85
3.545218040101072 1.0 0.0 1.0 153
0.0 1.5664647225495392 0.0 2.0 155
0.0 0.9672270860878572 0.0 1.0 157
4.0 1.249887746414493 4.0 2.0 158
0.774487707065178 1.0 4.0 1.0 161
0.0 1.1077866184285015 0.0 2.0 162
4.0 0.9577399652143582 4.0 1.0 164
4.0 1.9343085810252727 4.0 2.0 165
0.0 0.9897739138961082 0.0 1.0 166
0.0 0.7917857203938912 0.0 1.0 168
0.0 1.3519948498660526 0.0 2.0 169
4.0 0.4735165991782456 4.0 1.0 170
4.5989227784365525 1.0 5.0 1.0 171
0.0 0.5062096019686211 0.0 0.0 108
0.0 0.2803858698821764 0.0 1.0 173
3.5810894767471786 1.0 0.0 1.0 110
4.290220172149368 1.0 5.0 1.0 174
4.0 0.3046534577718046 4.0 1.0 175
4.123193935792721 1.0 5.0 1.0 176
0.0 0.11880485329478734 0.0 1.0 177
2.5767357540136127 1.0 4.0 1.0 117
3.741907181651128 1.0 0.0 1.0 56
3.131079346045025 1.0 4.0 1.0 123
*** t = 95
1.232382424276242 1.0 0.0 1.0 129
3.0863624707619857 1.0 4.0 1.0 135
1.9726828362483648 1.0 0.0 1.0 136
1.0864869447945877 1.0 0.0 1.0 76
2.9943879105217404 1.0 0.0 1.0 14
0.9848893851202505 1.0 4.0 1.0 146
1.9828759860401115 1.0 0.0 1.0 85
3.441305042965434 1.0 0.0 1.0 153
0.0 1.6869620088995037 0.0 2.0 155
0.0 0.9448431788132466 0.0 0.0 157
4.0 1.363513905179447 4.0 2.0 158
0.8605418967390867 1.0 4.0 1.0 161
0.0 1.2308740204761128 0.0 2.0 162
4.0 1.077457460866153 4.0 2.0 164
0.131170187309838 1.0 4.0 1.0 166
0.0 0.9501428644726694 0.0 1.0 168
0.0 1.4399935623325657 0.0 2.0 169
4.0 0.5682199190138948 4.0 1.0 170
4.748653473045691 1.0 5.0 1.0 171
0.0 0.3616361704414795 0.0 0.0 108
0.0 0.37384782650956855 0.0 1.0 173
3.4346324355781834 1.0 0.0 1.0 110
4.435330258224052 1.0 5.0 1.0 174
4.0 0.4569801866577069 4.0 1.0 175
4.246387871585442 1.0 5.0 1.0 176
0.0 0.23760970658957467 0.0 1.0 177
4.109439987047167 1.0 5.0 1.0 178
2.685121685953419 1.0 4.0 1.0 117
3.661013445984222 1.0 0.0 1.0 56
3.239047599356922 1.0 4.0 1.0 123
*** t = 96
1.1298780696198065 1.0 0.0 1.0 129
3.256627573710402 1.0 4.0 1.0 135
1.8465446210920469 1.0 0.0 1.0 136
0.9451742116659198 1.0 0.0 1.0 76
2.8932012578309734 1.0 0.0 1.0 14
1.095161017626931 1.0 4.0 1.0 146
1.8625335057609136 1.0 0.0 1.0 85
3.3373920458297963 1.0 0.0 1.0 153
0.0 1.8074592952494681 0.0 2.0 155
0.0 0.8569134437143505 0.0 0.0 157
4.0 1.4771400639444008 4.0 2.0 158
0.9465960864129953 1.0 4.0 1.0 161
0.0 1.3539614225237242 0.0 2.0 162
4.0 1.1971749565179477 4.0 2.0 164
0.27256646072356777 1.0 4.0 1.0 166
0.10850000855144762 1.0 4.0 1.0 168
0.0 1.5279922747990788 0.0 2.0 169
4.0 0.662923238849544 4.0 1.0 170
4.898384167654829 1.0 5.0 1.0 171
0.0 0.21706273891433792 0.0 0.0 108
0.0 0.4673097831369607 0.0 1.0 173
3.2881753944091883 1.0 0.0 1.0 110
4.5804403442987365 1.0 5.0 1.0 174
4.0 0.6093069155436092 4.0 1.0 175
4.369581807378164 1.0 5.0 1.0 176
0.0 0.356414559884362 0.0 1.0 177
4.2188799740943335 1.0 5.0 1.0 178
0.0 1.1079698091192767 0.0 2.0 179
0.0 0.10448551827489373 0.0 1.0 180
2.7935076178932254 1.0 4.0 1.0 117
4.0 0.15892746361432253 4.0 1.0 181
3.5801197103173164 1.0 0.0 1.0 56
3.3470158526688194 1.0 4.0 1.0 123
*** t = 97
1.027373714963371 1.0 0.0 1.0 129
3.426892676658818 1.0 4.0 1.0 135
1.720406405935729 1.0 0.0 1.0 136
0.8038614785372518 1.0 0.0 1.0 76
2.7920146051402064 1.0 0.0 1.0 14
1.2054326501336117 1.0 4.0 1.0 146
1.7421910254817157 1.0 0.0 1.0 85
3.2334790486941585 1.0 0.0 1.0 153
0.0 1.9279565815994326 0.0 2.0 155
0.0 0.7689837086154544 0.0 0.0 157
4.0 1.5907662227093546 4.0 2.0 158
1.032650276086904 1.0 4.0 1.0 161
0.0 1.4770488245713356 0.0 2.0 162
4.0 1.3168924521697425 4.0 2.0 164
0.41396273413729756 1.0 4.0 1.0 166
0.26685715263022586 1.0 4.0 1.0 168
0.0 1.615990987265592 0.0 2.0 169
4.0 0.7576265586851931 4.0 1.0 170
0.0 0.07248930738719633 0.0 0.0 108
0.0 0.5607717397643528 0.0 1.0 173
3.141718353240193 1.0 0.0 1.0 110
4.725550430373421 1.0 5.0 1.0 174
4.0 0.7616336444295114 4.0 1.0 175
4.492775743170885 1.0 5.0 1.0 176
0.0 0.47521941317914934 0.0 1.0 177
4.3283199611415 1.0 5.0 1.0 178
0.0 1.2159396182385533 0.0 2.0 179
0.0 0.20897103654978746 0.0 1.0 180
2.901893549833032 1.0 4.0 1.0 117
4.0 0.31785492722864506 4.0 1.0 181
4.150882972341244 1.0 5.0 1.0 182
4.0 1.0702324273162092 4.0 2.0 183
3.4992259746504106 1.0 0.0 1.0 56
3.4549841059807167 1.0 4.0 1.0 123
*** t = 98
0.9248693603069356 1.0 0.0 1.0 129
3.597157779607234 1.0 4.0 1.0 135
1.594268190779411 1.0 0.0 1.0 136
0.6625487454085838 1.0 0.0 1.0 76
2.6908279524494394 1.0 0.0 1.0 14
1.3157042826402923 1.0 4.0 1.0 146
1.6218485452025178 1.0 0.0 1.0 85
3.1295660515585206 1.0 0.0 1.0 153
0.0 0.6810539735165583 0.0 0.0 157
4.0 1.7043923814743085 4.0 2.0 158
1.1187044657608127 1.0 4.0 1.0 161
0.0 1.600136226618947 0.0 2.0 162
4.0 1.4366099478215373 4.0 2.0 164
0.5553590075510273 1.0 4.0 1.0 166
0.4252142967090041 1.0 4.0 1.0 168
0.0 1.7039896997321051 0.0 2.0 169
4.0 0.8523298785208423 4.0 1.0 170
0.0 0.6542336963917449 0.0 1.0 173
2.995261312071198 1.0 0.0 1.0 110
4.870660516448105 1.0 5.0 1.0 174
4.0 0.9139603733154137 4.0 1.0 175
4.615969678963606 1.0 5.0 1.0 176
0.0 0.5940242664739367 0.0 1.0 177
4.437759948188667 1.0 5.0 1.0 178
0.0 1.32390942735783 0.0 2.0 179
0.0 0.3134565548246812 0.0 1.0 180
3.010279481772838 1.0 4.0 1.0 117
4.0 0.4767823908429676 4.0 1.0 181
4.301765944682488 1.0 5.0 1.0 182
4.0 1.1404648546324183 4.0 2.0 183
3.418332238983505 1.0 0.0 1.0 56
0.0 0.18466073016568577 0.0 1.0 184
3.562952359292614 1.0 4.0 1.0 123
*** t = 99
0.8223650056505001 1.0 0.0 1.0 129
3.76742288255565 1.0 4.0 1.0 135
1.468129975623093 1.0 0.0 1.0 136
0.5212360122799158 1.0 0.0 1.0 76
2.5896412997586724 1.0 0.0 1.0 14
1.4259759151469729 1.0 4.0 1.0 146
1.5015060649233198 1.0 0.0 1.0 85
3.025653054422883 1.0 0.0 1.0 153
0.0 0.5931242384176622 0.0 0.0 157
4.0 1.8180185402392623 4.0 2.0 158
1.2047586554347214 1.0 4.0 1.0 161
0.0 1.7232236286665583 0.0 2.0 162
4.0 1.556327443473332 4.0 2.0 164
0.696755280964757 1.0 4.0 1.0 166
0.5835714407877823 1.0 4.0 1.0 168
0.0 1.7919884121986183 0.0 2.0 169
4.0 0.9470331983564915 4.0 1.0 170
0.0 0.747695653019137 0.0 1.0 173
2.848804270902203 1.0 0.0 1.0 110
4.739163614756327 1.0 5.0 1.0 176
0.0 0.712829119768724 0.0 1.0 177
4.547199935235834 1.0 5.0 1.0 178
0.0 1.4318792364771067 0.0 2.0 179
0.0 0.41794207309957493 0.0 1.0 180
3.1186654137126446 1.0 4.0 1.0 117
4.0 0.6357098544572901 4.0 1.0 181
4.4526489170237324 1.0 5.0 1.0 182
4.0 1.2106972819486275 4.0 2.0 183
3.337438503316599 1.0 0.0 1.0 56
0.0 0.36932146033137153 0.0 1.0 184
4.0 1.1611029664658978 4.0 2.0 185
4.0 0.14013869523088499 4.0 1.0 186
3.6709206126045113 1.0 4.0 1.0 123
*** t = 100
